87 241 176 122 
245 42 12 152 
76 87 51 89 
169 156 140 24 
78 71 249 190 
208 169 94 53 
190 37 93 32 
131 134 100 201 
142 149 234 90 
176 236 245 81 
197 5 224 46 
150 150 91 110 
254 33 179 189 
76 198 84 104 
233 93 140 17 
59 193 145 166 
200 110 198 148 
159 79 58 55 
244 209 113 149 
10 60 104 77 
86 67 211 202 
225 218 169 188 
238 71 226 201 
221 124 128 127 
79 164 204 142 
139 252 226 52 
32 228 111 248 
204 54 186 155 
157 214 225 76 
86 138 101 27 
20 12 233 176 
49 94 55 61 
105 94 132 177 
59 154 245 47 
146 101 98 190 
165 43 89 66 
28 1 102 171 
116 128 145 108 
164 212 41 46 
1 16 192 198 
95 196 119 101 
121 210 124 15 
147 125 208 79 
93 195 78 40 
27 237 233 78 
3 100 53 151 
230 198 41 172 
19 57 35 4 
121 0 44 19 
11 76 125 190 
105 84 67 19 
188 167 160 55 
225 193 242 159 
203 221 87 131 
34 11 113 144 
48 130 102 222 
254 55 43 33 
186 175 3 35 
92 17 66 114 
138 127 87 85 
184 166 9 5 
147 148 1 26 
160 202 137 68 
32 147 147 59 
56 148 253 249 
78 163 19 38 
182 221 86 212 
142 242 124 108 
230 196 183 232 
37 49 58 67 
167 44 250 46 
171 19 177 5 
109 60 41 1 
143 210 183 175 
189 223 5 161 
145 169 21 99 
180 66 131 176 
71 91 11 230 
129 89 74 184 
153 171 201 35 
230 90 55 163 
69 225 246 166 
187 64 218 65 
91 76 45 34 
106 73 246 198 
194 186 122 236 
116 120 4 73 
177 2 226 125 
235 20 176 70 
55 123 217 243 
246 39 90 28 
180 130 201 145 
80 0 150 144 
93 247 146 59 
201 178 173 72 
188 193 4 251 
195 146 27 81 
46 70 102 127 
183 189 15 154 
100 243 243 152 
174 144 238 119 
226 186 88 188 
200 46 207 31 
131 143 55 133 
184 253 0 46 
242 234 167 48 
69 41 128 36 
50 72 178 31 
203 32 131 228 
23 170 214 87 
184 21 241 53 
203 21 132 3 
16 125 231 68 
75 16 164 239 
234 148 53 32 
231 41 15 14 
240 217 223 61 
198 112 19 245 
227 142 156 242 
95 250 242 93 
20 57 89 251 
1 96 100 165 
236 38 183 248 
75 61 16 77 
101 227 137 235 
181 180 23 124 
143 194 87 190 
6 231 138 123 
12 90 221 187 
219 129 239 56 
148 6 141 18 
38 45 192 196 
114 101 9 87 
173 29 235 214 
5 216 170 1 
135 132 83 69 
64 7 252 236 
162 28 77 146 
42 93 63 216 
64 160 36 92 
95 135 232 232 
117 83 150 233 
141 249 29 35 
171 120 85 164 
247 105 61 246 
30 216 135 153 
246 82 86 176 
97 63 70 251 
115 115 173 5 
215 255 32 159 
110 77 57 140 
58 108 152 126 
123 168 40 66 
23 94 163 55 
63 14 89 4 
80 178 45 138 
247 78 224 24 
153 201 146 222 
242 251 133 165 
252 7 37 189 
18 235 69 54 
85 85 172 83 
79 185 208 59 
214 160 225 242 
51 67 9 136 
132 88 243 144 
95 44 138 212 
184 242 3 71 
5 90 29 59 
159 102 167 212 
108 122 67 189 
187 178 107 25 
111 119 177 189 
96 85 75 156 
254 7 206 130 
56 212 58 6 
156 31 55 186 
191 57 158 164 
223 121 59 242 
199 143 210 233 
243 21 95 31 
245 103 162 234 
23 181 219 24 
66 86 211 224 
30 95 27 25 
123 117 152 170 
240 223 64 66 
193 223 30 73 
6 67 156 22 
10 55 1 98 
242 93 57 252 
159 32 213 191 
213 69 82 194 
156 194 158 206 
230 212 216 21 
115 76 87 32 
242 41 239 10 
105 108 111 236 
214 40 110 152 
23 217 72 138 
7 246 99 27 
234 202 183 248 
11 127 141 211 
163 124 134 88 
253 241 224 99 
216 175 245 112 
13 62 4 83 
113 41 52 41 
253 157 214 142 
44 50 235 16 
165 9 230 228 
26 23 179 216 
112 192 247 137 
32 168 154 214 
221 198 131 148 
119 186 162 131 
255 96 52 129 
44 165 66 254 
253 153 107 176 
160 198 228 136 
147 193 189 228 
9 254 102 6 
143 232 113 197 
239 49 153 130 
84 103 4 94 
176 201 197 170 
91 88 165 160 
253 49 35 80 
173 25 185 220 
90 90 97 232 
106 206 88 77 
162 57 34 13 
70 219 206 140 
129 70 123 253 
6 110 27 26 
248 255 119 24 
8 243 116 218 
221 99 148 101 
184 157 191 148 
88 120 68 12 
27 228 27 115 
103 197 109 221 
72 2 85 135 
90 216 233 200 
234 117 116 68 
88 194 6 99 
191 128 47 2 
216 150 7 104 
28 169 113 123 
41 238 161 51 
103 60 220 80 
235 102 127 72 
156 199 67 132 
148 30 191 203 
201 157 47 255 
236 60 115 7 
145 83 91 12 
145 104 33 232 
172 69 55 219 
115 78 67 128 
102 18 105 0 
89 32 200 134 
28 28 71 243 
90 18 145 210 
194 9 94 142 
101 220 245 226 
95 69 238 146 
186 59 61 89 
143 126 108 34 
110 112 40 123 
0 38 255 70 
235 191 104 177 
246 244 4 105 
110 241 35 11 
200 99 138 220 
135 211 116 185 
97 50 214 81 
157 181 231 145 
191 227 224 96 
103 236 0 141 
119 60 212 5 
116 80 181 74 
47 200 146 32 
164 190 240 138 
34 87 46 244 
172 151 14 178 
160 122 113 169 
150 64 98 76 
139 8 86 203 
63 160 178 134 
219 156 142 200 
215 165 185 178 
27 20 253 117 
100 192 164 197 
234 19 58 138 
64 100 149 216 
123 128 19 33 
150 138 35 169 
21 6 7 59 
233 48 216 27 
148 146 202 59 
141 213 177 177 
230 216 196 105 
44 255 161 23 
143 206 146 112 
66 182 15 154 
37 46 132 225 
162 6 84 171 
212 248 29 174 
239 129 62 96 
220 239 150 175 
35 186 143 243 
14 23 91 33 
12 203 126 65 
83 61 141 34 
201 208 53 76 
37 111 126 54 
81 106 81 185 
19 128 57 197 
237 61 102 83 
66 134 247 154 
185 114 121 134 
231 91 170 102 
40 53 131 229 
205 31 118 59 
125 56 245 164 
213 180 51 17 
82 47 46 30 
113 64 237 69 
20 82 6 81 
40 175 100 21 
133 222 71 93 
21 47 140 37 
57 148 47 9 
104 178 14 253 
26 56 240 62 
228 112 197 137 
228 20 48 138 
95 98 66 151 
169 114 137 158 
69 200 73 92 
78 38 9 208 
21 163 81 240 
12 1 179 154 
227 60 8 205 
240 95 252 25 
212 155 205 84 
92 154 79 143 
165 17 52 72 
132 149 138 226 
36 175 133 82 
241 50 127 26 
181 204 61 123 
1 220 116 230 
207 131 139 181 
101 254 163 24 
125 51 213 82 
162 137 186 37 
221 253 49 138 
145 115 92 166 
164 73 236 250 
223 50 159 218 
152 66 6 32 
142 69 140 33 
20 85 180 224 
114 172 162 130 
136 182 221 2 
180 106 83 38 
246 219 158 178 
82 10 133 219 
118 255 198 254 
157 24 19 146 
179 160 90 92 
186 163 73 225 
108 1 18 33 
34 194 107 130 
244 169 217 11 
34 12 47 210 
179 227 81 184 
91 30 62 83 
162 60 78 44 
67 25 184 43 
210 7 86 79 
162 33 173 162 
230 220 40 109 
22 223 164 168 
149 21 49 180 
144 0 23 77 
41 80 24 186 
213 180 245 70 
2 240 52 244 
254 48 31 111 
20 155 16 64 
248 44 236 67 
101 189 238 92 
4 101 166 102 
144 4 65 108 
56 28 10 28 
68 227 49 120 
252 150 203 207 
197 15 27 236 
142 154 16 141 
106 5 14 23 
126 246 242 135 
30 129 80 172 
51 250 254 148 
224 8 215 68 
101 251 185 171 
67 96 208 217 
161 210 23 109 
238 19 27 76 
200 91 3 153 
28 239 205 225 
143 246 218 149 
29 136 173 190 
0 9 240 236 
212 181 183 111 
248 123 9 202 
55 15 157 101 
168 59 225 130 
210 118 64 114 
20 183 165 9 
69 139 59 79 
151 102 120 120 
193 54 89 23 
93 62 239 142 
142 34 26 201 
231 62 149 44 
136 60 50 201 
138 230 103 215 
158 56 10 95 
240 186 89 57 
82 13 61 55 
150 195 208 160 
59 116 28 224 
77 13 38 125 
134 108 43 77 
185 42 41 231 
113 184 161 87 
213 174 155 22 
206 95 236 57 
108 177 180 232 
134 44 42 18 
161 80 156 95 
19 44 177 102 
105 44 242 33 
5 51 136 157 
12 233 71 246 
127 87 236 131 
167 177 163 78 
183 114 205 199 
173 174 255 185 
121 164 78 124 
97 148 202 109 
164 208 72 155 
93 20 101 195 
171 26 199 127 
15 106 166 186 
21 112 139 103 
55 208 88 114 
254 254 137 247 
106 9 185 179 
148 183 104 184 
146 215 251 100 
155 211 4 147 
107 133 196 20 
233 75 239 90 
8 94 174 116 
235 95 234 64 
76 51 200 219 
30 17 112 91 
113 217 19 193 
151 168 44 41 
133 169 6 68 
123 46 126 8 
232 255 10 166 
136 241 250 189 
207 187 254 205 
138 6 233 238 
196 195 180 194 
230 193 198 168 
35 127 114 50 
19 63 194 218 
158 91 115 240 
28 220 64 215 
186 73 100 113 
32 189 90 216 
81 60 231 79 
210 71 90 120 
14 174 19 199 
249 166 66 54 
244 27 241 58 
241 72 69 246 
215 132 0 175 
40 95 75 129 
225 237 179 80 
161 98 113 1 
14 223 238 233 
116 140 134 133 
176 231 140 108 
77 92 143 131 
236 21 220 112 
233 19 68 81 
59 126 32 173 
156 57 146 170 
235 186 13 129 
206 25 23 48 
155 102 77 111 
121 64 168 228 
194 163 0 154 
172 2 206 176 
41 150 54 78 
11 245 69 221 
108 230 119 120 
77 116 124 157 
125 65 59 41 
189 29 24 131 
33 215 114 23 
185 83 112 6 
113 221 254 27 
54 189 18 2 
90 12 52 180 
58 198 61 54 
30 32 95 131 
96 27 101 199 
209 89 60 205 
88 47 179 187 
220 253 127 253 
100 186 130 127 
125 211 77 31 
221 54 227 98 
69 169 191 101 
172 97 25 23 
153 208 102 166 
209 190 30 55 
50 155 193 218 
223 20 28 189 
157 228 201 160 
125 237 245 136 
188 135 101 184 
231 24 187 221 
66 229 246 137 
107 39 57 226 
59 98 205 156 
237 242 104 36 
130 230 176 30 
99 18 251 18 
73 96 89 98 
90 103 212 128 
149 63 246 93 
111 147 140 37 
190 247 170 41 
215 124 239 29 
243 130 10 131 
216 206 125 103 
181 221 161 77 
77 119 235 104 
87 135 109 12 
37 41 160 102 
133 5 96 107 
229 220 56 14 
186 96 224 182 
34 73 4 239 
199 165 71 95 
7 111 136 253 
83 100 100 125 
213 18 252 14 
86 50 248 72 
94 55 204 96 
157 39 57 159 
137 170 23 18 
73 97 83 130 
210 120 52 166 
80 127 226 152 
199 117 40 134 
250 38 121 170 
140 184 49 124 
101 128 30 38 
87 26 63 56 
1 184 203 157 
244 186 117 206 
21 127 239 69 
67 123 173 53 
57 138 235 120 
181 132 241 200 
218 18 150 51 
210 192 3 201 
185 83 185 152 
182 92 214 218 
107 13 147 108 
144 76 18 130 
218 6 87 154 
34 198 148 174 
195 134 169 174 
68 197 235 45 
55 217 36 91 
96 135 220 51 
26 209 215 245 
247 15 223 215 
167 65 196 247 
27 164 160 149 
233 131 95 127 
243 80 127 204 
68 243 21 205 
58 98 17 65 
234 114 194 200 
192 237 157 155 
102 228 58 121 
231 70 159 229 
21 178 193 142 
40 138 72 15 
167 73 147 216 
140 22 252 108 
163 153 93 206 
51 13 211 53 
224 150 193 7 
208 213 24 5 
13 186 214 195 
42 154 205 92 
42 130 166 99 
157 202 37 29 
12 237 175 237 
151 152 9 15 
221 0 98 137 
28 121 148 95 
153 69 167 7 
67 169 150 28 
147 70 86 87 
182 167 21 186 
238 23 192 14 
54 181 199 144 
37 202 36 232 
20 89 154 90 
131 248 58 64 
185 223 44 184 
171 63 172 154 
31 213 83 173 
17 190 152 26 
86 141 150 32 
127 155 16 10 
0 158 178 94 
146 125 153 88 
213 99 22 150 
58 19 175 21 
32 123 103 92 
61 139 64 247 
64 71 253 39 
180 27 44 216 
40 111 100 211 
141 124 204 53 
223 94 220 32 
8 106 104 176 
1 193 218 49 
58 37 191 143 
60 12 133 13 
141 243 130 58 
211 245 57 34 
61 156 217 193 
31 247 7 189 
220 237 221 84 
9 208 51 146 
207 54 29 200 
145 4 180 59 
207 203 26 25 
75 88 184 177 
106 134 202 226 
220 87 30 212 
127 67 24 231 
129 208 250 233 
198 99 98 140 
137 86 21 23 
69 74 250 91 
214 191 106 233 
219 226 167 130 
96 165 169 207 
186 21 33 82 
177 233 184 157 
229 86 151 194 
106 43 45 10 
182 25 44 234 
189 82 213 50 
90 87 118 136 
241 10 49 21 
83 11 254 126 
225 65 243 22 
245 183 196 82 
125 170 134 125 
233 224 184 172 
72 59 131 245 
173 141 65 220 
216 174 61 14 
18 204 185 82 
89 3 54 188 
189 45 239 35 
10 252 167 214 
167 70 164 139 
190 159 252 152 
157 45 15 102 
93 184 85 34 
193 1 90 181 
96 85 6 247 
7 97 34 31 
89 72 24 127 
184 243 250 110 
105 169 198 133 
242 223 233 14 
199 81 1 185 
38 81 231 145 
64 95 237 47 
153 251 100 45 
177 183 98 222 
228 144 194 60 
143 126 107 34 
116 74 214 188 
96 160 202 59 
11 101 106 205 
63 74 114 204 
60 162 190 53 
92 113 12 93 
243 197 2 223 
121 73 115 217 
235 23 222 88 
110 206 55 16 
54 228 234 81 
166 62 30 54 
184 254 54 32 
160 157 158 98 
172 57 196 62 
111 48 100 17 
30 237 9 202 
58 2 209 160 
111 119 112 5 
189 98 119 213 
213 184 215 212 
198 99 160 87 
216 149 15 65 
184 91 200 49 
214 117 96 250 
12 101 30 84 
128 198 3 209 
203 223 7 18 
91 120 166 58 
21 236 155 163 
63 128 236 208 
158 243 38 163 
219 87 234 208 
44 31 168 146 
48 120 171 157 
26 221 86 83 
17 229 173 58 
215 96 23 174 
169 163 97 211 
103 32 7 206 
245 58 175 53 
225 87 247 195 
70 54 112 81 
240 131 234 1 
192 168 243 189 
82 231 154 224 
222 165 121 50 
92 9 242 26 
236 198 184 15 
116 53 145 80 
139 167 91 213 
150 249 77 133 
48 105 128 169 
208 167 174 161 
165 48 57 213 
197 215 111 239 
135 164 12 72 
45 226 0 159 
199 116 115 17 
84 104 7 69 
41 207 93 232 
151 203 218 89 
200 233 171 165 
234 177 6 181 
143 124 179 198 
84 134 204 26 
193 68 193 237 
113 248 158 171 
115 130 145 96 
239 121 167 112 
13 122 214 136 
18 192 64 212 
205 245 182 115 
49 72 123 40 
67 192 75 82 
55 208 156 30 
213 43 36 251 
34 217 155 78 
61 139 194 103 
135 44 164 180 
6 184 28 53 
12 81 151 48 
19 144 27 38 
236 25 137 5 
25 114 31 159 
119 21 64 91 
32 195 120 43 
143 28 187 190 
5 109 237 246 
44 201 168 156 
250 91 57 83 
217 250 235 202 
5 254 137 54 
53 82 30 0 
125 203 255 186 
115 184 11 88 
145 187 50 157 
218 215 52 211 
192 201 171 191 
70 156 76 212 
98 120 106 167 
165 187 187 163 
29 74 95 254 
123 42 30 235 
113 74 242 18 
94 163 197 61 
45 131 123 84 
122 38 51 139 
247 135 202 218 
15 117 161 174 
201 233 161 222 
238 151 124 224 
110 195 53 61 
0 86 226 66 
9 49 177 248 
191 193 41 87 
142 212 178 183 
187 171 88 135 
71 80 204 65 
22 42 171 157 
80 206 3 6 
8 24 20 74 
27 123 83 149 
91 149 181 160 
237 6 41 38 
240 131 102 152 
95 38 232 17 
57 8 53 140 
223 18 101 85 
189 16 225 189 
44 7 107 18 
151 201 95 206 
221 198 56 15 
247 37 85 71 
219 20 254 53 
160 92 162 20 
226 56 98 18 
104 103 212 3 
4 128 0 87 
187 134 175 73 
38 188 230 90 
24 186 173 254 
130 193 20 149 
147 76 120 156 
35 231 3 37 
81 68 114 132 
107 140 27 76 
15 243 46 122 
144 143 59 239 
155 106 244 36 
27 214 53 25 
89 0 65 142 
104 200 79 118 
192 208 69 169 
41 211 195 217 
219 57 99 199 
227 232 63 182 
200 92 180 32 
111 250 102 169 
60 161 132 81 
122 131 78 237 
253 51 212 216 
5 254 0 230 
102 127 214 153 
230 110 251 152 
231 185 116 92 
70 214 177 45 
130 87 202 77 
33 191 8 115 
79 148 167 122 
201 181 218 91 
249 238 16 89 
98 202 118 123 
63 168 189 63 
103 17 29 141 
116 73 154 234 
36 36 134 238 
0 27 71 248 
59 159 90 32 
220 174 152 109 
32 163 184 73 
25 82 22 49 
156 84 178 177 
90 160 124 144 
77 91 207 72 
86 242 59 184 
36 101 135 29 
87 230 246 63 
229 162 202 232 
189 223 7 154 
171 71 121 129 
124 131 248 167 
98 12 235 103 
154 62 11 36 
75 175 106 59 
178 190 179 53 
124 111 179 66 
115 118 24 227 
93 145 121 230 
33 27 151 151 
44 223 227 53 
19 42 64 163 
122 36 9 96 
52 95 86 185 
172 177 123 61 
131 63 210 114 
122 219 187 198 
147 144 224 200 
115 122 190 152 
11 219 97 156 
119 108 110 117 
38 241 103 50 
60 16 43 195 
52 99 188 176 
202 204 69 11 
24 9 92 163 
255 136 132 122 
200 124 246 121 
11 48 161 99 
208 155 111 8 
245 54 202 187 
208 10 95 5 
20 13 33 155 
249 174 145 142 
151 175 61 194 
147 51 135 161 
254 24 168 16 
122 134 245 162 
159 200 96 12 
157 91 65 218 
34 69 87 96 
126 168 9 242 
5 151 242 88 
180 40 157 124 
24 203 141 102 
108 218 129 106 
2 113 246 160 
228 127 236 149 
186 29 237 64 
238 31 76 56 
15 233 171 36 
115 133 191 114 
33 242 88 76 
237 190 155 199 
229 215 146 94 
236 158 232 160 
165 61 237 37 
147 58 224 198 
126 77 110 13 
24 111 118 235 
224 52 15 169 
71 90 204 33 
17 162 63 46 
255 222 187 97 
171 76 94 246 
179 34 79 6 
25 106 69 254 
234 16 73 79 
30 58 188 103 
192 215 155 225 
79 123 2 248 
99 106 239 66 
147 243 73 155 
151 255 33 94 
170 233 55 220 
50 144 192 6 
163 171 102 109 
161 93 145 109 
101 10 229 164 
97 104 12 169 
39 217 181 251 
135 248 220 56 
247 113 76 144 
57 23 99 120 
55 48 22 163 
50 19 52 46 
27 246 239 27 
65 1 152 0 
45 167 170 0 
202 53 10 251 
202 171 141 2 
68 204 187 14 
162 113 211 241 
186 34 15 140 
59 231 40 67 
75 92 29 174 
110 4 49 145 
170 223 50 15 
233 63 1 26 
158 215 79 46 
171 21 165 63 
131 178 167 240 
139 135 153 5 
199 162 34 27 
178 153 80 150 
109 30 221 220 
28 212 177 193 
142 97 167 65 
28 197 148 117 
211 234 134 192 
213 123 73 74 
252 250 48 175 
193 13 17 248 
92 25 146 202 
45 18 163 221 
91 146 76 176 
187 40 169 123 
243 242 51 102 
223 110 64 248 
51 141 206 210 
98 9 124 157 
191 249 217 65 
226 163 225 87 
78 145 197 226 
81 231 235 57 
43 243 54 72 
114 6 135 248 
180 130 132 236 
95 53 152 110 
222 229 58 169 
5 44 115 24 
175 135 154 62 
165 169 99 152 
194 21 24 208 
85 235 37 51 
199 2 218 101 
126 56 109 83 
0 6 62 106 
92 88 95 7 
198 155 84 46 
129 23 23 126 
2 127 96 100 
82 198 34 144 
180 53 89 165 
136 187 3 53 
111 132 108 236 
176 204 175 11 
218 246 122 24 
171 216 17 212 
49 90 150 110 
47 63 135 246 
194 66 136 20 
68 101 99 250 
113 134 77 151 
200 51 107 14 
52 191 148 102 
236 149 89 131 
152 205 66 85 
181 253 91 79 
58 82 239 27 
124 223 148 140 
79 52 103 212 
110 51 153 247 
29 31 43 127 
12 246 245 114 
127 1 237 129 
172 169 166 130 
100 140 23 32 
246 208 158 209 
81 183 69 9 
104 116 67 174 
219 62 198 203 
211 162 239 136 
45 29 30 90 
220 234 113 119 
136 25 135 141 
123 225 138 179 
190 55 108 160 
127 159 112 26 
182 67 237 178 
9 66 79 175 
236 74 94 72 
12 105 195 22 
238 32 199 200 
211 186 95 25 
224 219 102 255 
123 92 41 37 
248 86 40 156 
117 125 27 206 
2 176 52 179 
6 206 164 71 
222 202 96 59 
198 2 37 234 
253 204 185 144 
36 82 117 182 
231 161 0 241 
224 252 93 204 
184 118 40 3 
144 192 28 242 
159 63 217 76 
28 97 228 16 
94 50 240 185 
66 42 92 182 
205 73 252 25 
18 103 28 147 
86 197 194 160 
115 231 52 255 
122 166 186 101 
156 129 165 114 
75 52 144 228 
156 140 230 11 
240 121 165 125 
211 101 97 10 
36 196 139 242 
119 236 243 86 
183 39 140 237 
16 7 111 248 
11 250 35 120 
251 30 28 158 
153 87 129 131 
235 158 51 25 
106 156 10 98 
99 119 98 223 
158 236 214 76 
62 158 75 138 
232 173 49 221 
39 139 5 87 
15 11 26 148 
33 187 154 168 
111 116 199 86 
1 47 135 131 
118 26 32 233 
238 236 64 16 
40 117 64 122 
232 121 169 30 
156 190 248 25 
62 100 158 159 
124 117 75 55 
23 189 108 40 
137 220 243 46 
234 153 86 114 
20 121 218 185 
6 145 17 220 
134 152 161 120 
11 64 72 230 
217 198 29 110 
110 200 25 183 
29 88 213 130 
249 78 149 152 
244 226 134 1 
72 122 68 119 
22 192 159 27 
77 248 159 102 
206 145 198 97 
206 249 148 25 
123 182 81 77 
226 179 6 107 
16 215 205 187 
119 220 74 217 
148 95 122 104 
207 51 171 5 
163 251 204 122 
254 248 231 52 
235 31 236 248 
110 111 176 209 
175 129 53 77 
91 97 44 232 
72 156 184 201 
88 154 117 172 
159 46 185 32 
200 108 26 242 
180 187 48 233 
101 43 156 179 
27 8 72 32 
188 175 241 142 
121 160 227 165 
175 213 4 68 
11 82 20 186 
242 254 51 58 
32 177 164 137 
143 142 208 250 
154 147 142 156 
98 110 161 178 
113 146 130 99 
157 139 97 179 
47 142 102 178 
69 85 60 243 
117 42 208 64 
179 65 86 140 
117 74 142 41 
21 71 69 60 
118 155 30 109 
234 100 146 227 
83 11 54 111 
137 26 60 7 
252 77 61 119 
155 235 54 83 
244 86 208 48 
156 225 228 19 
209 227 62 42 
94 10 161 186 
191 241 12 89 
134 244 60 93 
253 67 114 148 
13 53 118 54 
94 223 220 23 
192 230 134 33 
202 145 106 2 
192 34 149 34 
186 103 112 216 
3 140 67 221 
192 51 247 1 
210 198 32 28 
253 12 59 72 
73 251 51 77 
168 206 43 93 
218 87 119 2 
142 149 235 84 
202 137 89 111 
140 70 85 36 
178 72 59 239 
23 6 116 41 
255 202 244 127 
181 193 7 163 
114 78 78 65 
129 164 4 53 
161 148 134 251 
171 163 19 103 
116 96 208 150 
245 245 15 36 
169 251 208 159 
55 147 136 60 
81 178 34 201 
220 188 68 227 
81 85 211 105 
99 116 185 49 
226 184 230 249 
223 0 148 160 
17 54 208 150 
119 107 54 145 
63 41 252 129 
231 4 50 199 
162 115 71 161 
253 222 208 233 
194 248 133 0 
28 79 140 5 
253 34 251 74 
189 114 152 8 
4 91 227 81 
233 165 86 71 
91 151 235 140 
192 11 223 249 
221 200 181 147 
246 11 127 186 
54 103 89 164 
81 207 54 10 
103 242 223 33 
44 199 56 204 
70 104 197 16 
246 35 110 200 
251 206 127 154 
179 92 243 41 
132 174 242 140 
122 171 152 0 
49 147 248 217 
246 144 97 191 
41 143 224 22 
229 77 5 190 
228 181 234 253 
156 105 114 185 
174 159 207 235 
129 46 71 80 
42 232 55 98 
144 43 88 134 
205 179 65 135 
215 178 45 67 
95 35 255 164 
249 91 131 210 
126 225 247 167 
174 127 202 100 
26 153 163 162 
66 190 165 139 
250 125 242 73 
18 122 109 191 
53 193 197 119 
18 89 175 220 
186 29 114 170 
73 199 169 162 
201 78 68 130 
83 114 209 52 
119 148 250 70 
223 204 78 154 
46 54 68 95 
46 140 124 63 
43 250 73 218 
154 45 109 116 
255 174 35 234 
13 110 99 235 
14 162 97 100 
133 208 87 60 
18 42 132 66 
151 28 116 100 
153 33 131 33 
233 218 157 65 
131 97 71 195 
182 219 227 23 
133 76 47 141 
78 176 16 14 
169 71 142 10 
147 48 31 177 
204 57 40 102 
125 246 193 112 
30 16 185 243 
151 224 217 31 
165 60 109 168 
128 145 1 118 
187 50 105 157 
107 240 4 143 
139 235 65 145 
159 168 97 107 
152 99 127 100 
248 166 206 109 
54 26 35 157 
100 158 179 221 
15 150 29 229 
103 133 171 103 
159 223 212 137 
151 24 6 153 
185 1 163 252 
33 84 74 104 
0 141 87 84 
66 252 173 172 
110 25 179 200 
206 23 156 159 
209 188 236 56 
173 111 55 98 
72 147 44 165 
89 19 211 120 
202 62 19 180 
98 214 119 73 
160 99 50 48 
234 205 96 161 
231 42 142 133 
41 213 125 46 
15 192 35 70 
233 11 243 5 
94 213 94 167 
11 82 154 30 
109 29 162 4 
1 208 126 211 
169 211 196 88 
82 113 95 101 
212 49 143 199 
25 99 49 119 
130 249 65 21 
134 152 157 145 
157 239 11 44 
92 72 126 159 
225 92 149 153 
113 108 101 111 
96 141 120 15 
49 68 21 55 
255 82 194 228 
28 209 8 12 
247 128 118 143 
67 92 233 108 
85 112 10 48 
206 237 23 181 
123 125 231 8 
121 213 40 171 
157 137 236 253 
18 37 100 246 
68 121 234 23 
253 52 69 161 
206 181 41 6 
177 29 254 157 
236 169 226 153 
57 63 241 60 
35 70 196 72 
179 187 55 183 
76 129 112 171 
212 249 29 168 
20 211 252 1 
98 36 161 144 
125 184 116 170 
184 169 249 82 
91 48 84 173 
70 188 12 183 
215 65 15 51 
14 211 246 232 
239 115 139 10 
40 41 136 247 
244 83 162 36 
63 60 198 86 
11 240 163 21 
18 79 104 93 
173 97 207 152 
244 233 90 201 
39 61 220 10 
77 84 60 56 
26 33 118 237 
22 31 226 174 
252 46 185 102 
96 157 213 19 
149 136 184 192 
206 100 208 179 
131 216 250 231 
23 206 68 189 
183 203 247 238 
133 123 213 196 
246 145 159 138 
120 206 218 65 
89 94 211 148 
228 107 225 14 
205 237 234 139 
207 191 40 236 
147 248 45 15 
212 120 37 255 
193 193 92 103 
162 9 0 77 
191 141 39 252 
125 39 19 66 
203 35 181 220 
188 79 113 47 
117 81 33 57 
74 61 92 198 
36 103 248 231 
38 118 205 160 
144 186 188 225 
227 192 241 183 
70 35 100 196 
40 164 166 237 
39 125 218 82 
48 243 1 131 
232 43 124 241 
75 62 203 162 
147 143 155 41 
92 93 0 214 
5 148 255 42 
89 233 79 141 
111 37 96 67 
206 193 157 157 
213 180 239 108 
91 137 130 187 
146 180 203 190 
49 38 202 5 
210 31 140 245 
152 68 245 121 
22 241 188 245 
108 208 183 124 
179 171 89 66 
156 126 121 84 
83 209 84 134 
170 68 214 173 
115 108 21 15 
45 221 31 24 
228 136 245 79 
82 72 215 136 
74 183 194 90 
87 70 56 211 
160 141 63 107 
14 223 172 55 
177 34 161 95 
96 221 85 210 
160 147 19 56 
200 80 134 41 
98 129 51 156 
211 8 71 162 
63 144 147 84 
167 30 213 9 
84 233 57 205 
121 108 31 15 
20 185 31 154 
21 16 74 199 
194 176 179 240 
90 237 47 39 
248 131 88 40 
187 42 216 141 
36 107 228 65 
191 177 6 55 
6 163 32 92 
130 177 174 202 
51 237 75 62 
50 29 119 204 
149 14 151 209 
147 43 61 42 
233 77 170 163 
123 213 145 178 
63 249 30 102 
87 91 55 154 
125 224 2 110 
164 191 167 248 
220 216 87 54 
119 72 141 71 
106 58 147 219 
246 255 73 233 
135 98 34 160 
220 53 111 159 
104 48 224 104 
248 252 71 18 
151 138 160 63 
174 169 79 78 
112 216 168 210 
117 88 180 66 
165 134 50 242 
88 104 221 65 
188 134 237 20 
118 251 224 132 
140 203 122 212 
130 119 11 166 
195 207 240 110 
67 8 92 38 
99 14 89 68 
21 27 9 233 
64 137 50 91 
102 229 249 181 
132 68 238 221 
57 218 73 183 
43 200 115 152 
167 54 201 254 
135 162 156 126 
89 119 124 253 
189 226 182 35 
15 225 27 13 
70 157 3 66 
28 249 146 233 
112 107 58 57 
232 11 129 48 
218 233 5 136 
109 164 189 231 
251 56 129 86 
186 24 205 244 
156 125 194 235 
115 253 109 164 
89 95 76 55 
79 174 14 38 
36 140 155 74 
153 201 84 13 
194 52 156 218 
175 177 151 210 
76 140 49 193 
134 13 99 80 
175 77 178 124 
36 71 248 70 
45 50 102 172 
36 15 202 217 
218 126 14 153 
54 213 1 15 
31 115 91 170 
156 82 251 85 
58 220 114 238 
175 0 197 250 
188 132 111 151 
88 157 166 177 
10 189 223 121 
151 172 148 19 
221 218 69 143 
255 244 189 27 
194 181 150 119 
55 255 255 169 
155 42 189 241 
123 156 112 255 
27 153 24 100 
25 93 215 71 
78 104 249 89 
245 26 49 11 
15 127 37 254 
6 108 45 186 
144 203 88 164 
214 51 177 42 
214 188 192 65 
5 17 83 17 
57 198 126 238 
199 236 224 139 
232 227 40 106 
98 112 216 151 
100 15 73 150 
177 139 239 154 
0 203 223 248 
163 239 142 218 
104 156 220 56 
189 147 81 4 
23 137 166 165 
148 51 135 167 
223 160 151 177 
84 203 181 183 
100 113 126 112 
59 32 18 11 
161 145 27 30 
30 55 12 223 
98 24 167 150 
227 220 194 82 
200 35 74 219 
6 28 136 233 
201 84 163 147 
21 203 103 10 
173 77 68 135 
52 255 154 130 
146 57 52 37 
153 147 18 0 
233 67 107 254 
16 166 242 152 
246 28 89 72 
121 25 19 65 
84 121 95 93 
69 20 130 87 
111 147 83 58 
253 130 253 25 
8 166 1 1 
186 144 122 44 
180 114 165 119 
174 50 160 22 
93 189 114 135 
154 158 76 196 
192 207 15 189 
86 206 13 5 
238 244 20 204 
76 3 169 13 
203 254 145 8 
253 61 150 243 
146 192 135 237 
123 196 129 51 
79 148 109 150 
237 162 202 45 
99 214 173 71 
14 38 5 163 
3 103 36 228 
174 98 123 63 
185 43 165 119 
47 174 168 11 
226 139 119 174 
10 36 187 247 
46 243 210 90 
72 34 24 87 
36 85 102 241 
9 203 217 98 
155 165 213 13 
0 133 73 180 
66 91 52 235 
244 124 104 204 
25 245 142 237 
65 30 106 143 
245 114 96 24 
85 157 55 196 
0 215 30 151 
52 113 236 150 
55 173 172 54 
245 211 89 21 
234 129 230 232 
66 67 129 180 
63 99 25 66 
220 3 30 205 
176 104 136 253 
20 153 26 25 
136 41 232 120 
83 81 23 56 
106 66 228 51 
147 184 231 47 
202 211 153 85 
228 35 21 229 
114 1 27 39 
232 38 90 165 
255 118 239 151 
87 29 41 159 
97 221 143 182 
124 166 36 102 
94 104 233 59 
182 37 164 116 
15 74 224 253 
248 63 53 162 
98 61 201 125 
73 96 23 176 
151 253 239 90 
69 53 190 195 
195 202 16 218 
154 50 83 226 
80 234 222 104 
139 13 50 120 
122 37 127 16 
113 65 106 213 
211 72 13 5 
53 140 63 173 
192 162 22 28 
215 114 171 151 
250 138 29 78 
235 184 217 143 
15 215 24 58 
22 233 169 117 
223 102 240 160 
149 212 47 140 
31 152 4 231 
183 12 51 251 
216 209 166 153 
94 103 178 79 
233 250 156 225 
130 127 92 247 
129 0 160 20 
173 52 20 199 
166 83 225 37 
128 40 115 118 
177 104 128 47 
45 66 70 33 
207 55 20 239 
251 44 11 197 
130 190 38 71 
197 213 120 200 
30 124 181 189 
123 240 244 113 
76 246 179 250 
160 114 28 107 
138 54 135 75 
202 24 63 70 
169 71 137 35 
37 223 226 246 
78 186 137 151 
240 138 61 82 
114 36 72 224 
254 31 188 150 
227 158 253 221 
55 106 127 226 
192 68 209 143 
21 121 219 185 
0 182 100 155 
39 30 215 131 
235 154 70 203 
145 112 175 11 
159 24 126 141 
137 75 84 1 
141 92 7 114 
220 203 234 121 
250 24 78 177 
103 213 72 106 
127 255 181 162 
159 142 124 49 
137 75 19 67 
10 226 69 11 
218 56 50 182 
195 254 151 158 
5 135 79 193 
250 214 26 113 
246 252 158 77 
113 161 171 111 
104 224 195 231 
0 88 218 104 
109 127 90 66 
18 58 106 144 
233 171 112 179 
38 74 212 255 
23 56 8 179 
79 208 197 47 
3 126 151 97 
180 212 155 129 
14 218 135 254 
17 166 236 184 
110 45 184 111 
52 89 255 123 
171 92 251 190 
128 67 81 216 
35 206 149 153 
110 127 17 188 
135 241 194 210 
7 107 164 124 
92 181 48 221 
108 42 34 79 
122 15 127 85 
78 35 215 210 
144 119 199 120 
118 128 195 130 
159 107 18 166 
62 176 26 69 
122 234 222 230 
21 230 197 226 
76 250 157 96 
255 152 223 132 
18 34 53 228 
19 0 57 60 
29 241 128 98 
252 158 215 124 
145 117 204 112 
120 180 113 156 
233 196 92 200 
220 201 242 88 
113 119 230 198 
142 39 252 80 
202 42 19 238 
138 93 98 135 
105 253 2 100 
222 189 172 229 
25 22 197 115 
45 223 151 181 
116 29 226 7 
47 28 147 40 
110 191 211 50 
48 20 67 208 
202 43 134 171 
141 41 1 37 
163 152 222 74 
58 1 87 3 
229 189 49 141 
62 8 134 42 
209 87 200 23 
53 236 3 189 
124 167 98 43 
206 31 245 196 
80 241 177 53 
74 88 185 171 
138 254 220 66 
3 18 94 192 
186 155 251 131 
227 12 41 184 
70 24 158 206 
232 199 18 42 
232 202 70 29 
167 12 69 19 
43 137 233 13 
198 99 162 81 
242 50 115 95 
128 156 61 40 
242 39 64 123 
37 74 223 192 
51 202 163 232 
151 68 131 164 
146 5 99 213 
206 34 218 68 
66 198 56 148 
85 198 200 117 
70 123 82 26 
203 208 228 236 
248 154 210 128 
99 40 252 198 
134 27 79 132 
100 120 143 3 
112 252 83 9 
170 176 81 6 
11 189 219 146 
35 128 170 23 
1 225 219 203 
83 225 55 226 
206 115 183 1 
208 141 71 245 
68 126 203 165 
199 130 96 69 
8 148 228 205 
117 131 184 170 
20 72 196 179 
174 151 188 94 
51 180 162 52 
90 136 141 130 
136 244 168 82 
243 101 125 153 
7 169 116 178 
9 1 150 11 
250 119 151 31 
190 113 20 164 
125 135 25 5 
74 146 230 18 
2 5 243 247 
119 129 49 106 
206 163 147 41 
38 33 205 164 
123 21 92 246 
201 152 198 26 
116 147 35 92 
231 210 220 13 
123 90 179 123 
155 253 3 33 
39 43 73 26 
21 11 228 220 
94 202 25 34 
24 52 90 42 
223 129 200 33 
122 113 246 220 
188 155 240 200 
167 1 124 36 
216 233 159 109 
31 232 99 26 
109 64 216 138 
243 108 89 59 
136 248 16 60 
75 150 189 229 
138 111 178 197 
227 183 34 220 
169 132 156 10 
138 224 211 200 
110 28 160 22 
161 104 74 180 
53 161 4 149 
162 106 183 145 
176 126 2 90 
151 69 128 177 
100 165 73 218 
158 26 187 77 
42 9 122 174 
108 81 181 255 
175 36 171 21 
199 21 110 72 
244 113 231 111 
10 211 27 12 
207 243 172 195 
165 191 163 17 
105 173 108 58 
154 79 34 131 
190 40 14 162 
1 190 106 115 
32 240 106 236 
133 138 125 83 
180 23 208 174 
229 246 19 124 
242 176 129 162 
116 137 26 168 
41 85 51 37 
154 141 49 120 
250 162 146 185 
80 145 45 240 
217 184 186 132 
167 232 148 246 
143 187 190 206 
66 40 36 214 
186 84 36 135 
216 171 77 193 
75 48 103 191 
179 17 179 73 
6 127 116 43 
51 188 173 231 
6 118 45 167 
76 83 201 117 
55 205 233 174 
4 64 70 180 
218 65 241 228 
246 50 152 200 
5 19 5 141 
209 155 231 183 
32 136 213 19 
217 51 144 237 
105 103 136 132 
101 115 162 187 
113 126 57 17 
96 27 99 211 
157 30 117 145 
201 173 201 206 
165 154 190 251 
51 240 1 167 
24 203 11 240 
69 109 235 61 
214 143 70 47 
58 245 156 212 
149 69 204 30 
98 25 219 148 
93 83 241 72 
160 177 164 9 
12 161 121 217 
234 86 168 162 
210 27 32 36 
204 231 203 50 
182 50 19 30 
230 8 165 114 
16 92 117 224 
105 158 2 124 
12 144 219 41 
157 85 98 81 
45 202 208 218 
94 26 121 85 
200 141 82 120 
155 161 176 206 
133 92 82 173 
214 224 162 105 
226 64 56 199 
166 146 160 180 
175 70 93 55 
56 182 45 165 
147 253 143 20 
202 13 131 17 
133 252 145 150 
46 159 12 54 
84 90 152 155 
77 54 234 50 
32 52 207 37 
162 226 112 138 
222 43 212 218 
186 115 166 164 
216 228 57 130 
187 2 201 77 
43 134 4 141 
218 105 200 51 
71 63 47 139 
227 198 201 108 
115 191 40 178 
181 252 162 237 
70 187 82 91 
195 50 96 20 
46 107 130 133 
148 82 195 31 
237 13 132 80 
68 139 192 179 
24 96 148 132 
1 208 254 86 
151 41 229 8 
143 87 89 245 
39 178 29 107 
197 26 98 95 
218 70 214 94 
13 89 221 199 
150 182 30 56 
231 22 66 70 
146 216 248 113 
103 152 61 86 
220 2 218 39 
179 232 46 89 
214 147 45 156 
134 87 169 16 
180 106 209 182 
175 247 247 37 
0 109 150 126 
146 29 147 161 
23 4 195 161 
166 229 174 118 
169 156 146 242 
246 174 171 247 
60 36 178 230 
161 154 164 90 
169 147 196 23 
90 15 227 61 
158 96 223 194 
232 57 106 30 
26 8 12 72 
167 133 107 226 
244 139 203 176 
5 40 209 79 
85 240 140 36 
5 150 182 146 
57 189 54 112 
192 11 234 186 
243 127 164 134 
223 5 114 58 
166 72 35 253 
34 200 6 107 
204 44 245 141 
220 217 146 8 
178 195 209 148 
117 131 183 176 
250 171 97 149 
231 86 71 104 
24 3 194 179 
65 163 204 22 
213 240 7 58 
39 1 2 7 
208 27 183 23 
80 203 88 106 
248 49 75 91 
7 159 115 210 
19 99 177 188 
170 224 170 184 
58 228 203 19 
46 53 139 247 
90 109 240 223 
153 8 85 78 
180 188 106 193 
134 9 124 226 
94 16 247 254 
165 168 41 185 
193 175 72 1 
56 158 183 64 
25 96 133 214 
152 101 55 198 
248 242 199 175 
174 187 236 255 
195 179 156 99 
122 35 207 130 
51 249 135 234 
143 99 13 74 
213 157 125 227 
148 8 132 57 
138 123 105 14 
197 221 74 144 
8 244 169 210 
112 120 39 121 
87 108 142 184 
121 174 21 126 
85 204 224 237 
215 25 199 15 
51 0 88 196 
20 153 31 255 
246 122 37 50 
208 208 182 7 
247 174 103 81 
63 164 88 66 
99 148 183 222 
167 193 133 175 
187 41 157 187 
227 21 242 179 
85 238 24 109 
226 82 6 148 
217 103 26 159 
41 111 93 255 
197 157 9 157 
77 39 72 131 
234 157 63 217 
122 121 75 20 
237 247 138 106 
238 39 158 137 
198 64 173 136 
126 55 172 30 
68 144 222 18 
17 117 151 242 
136 5 70 8 
32 238 178 138 
133 62 132 17 
60 118 6 76 
134 224 42 246 
136 35 206 5 
168 21 62 37 
58 208 251 100 
92 8 187 47 
30 156 176 125 
231 106 13 74 
20 104 199 71 
225 241 152 208 
141 92 74 30 
185 211 50 190 
18 98 251 65 
47 79 165 54 
188 170 204 85 
217 36 46 253 
189 37 104 225 
159 24 0 254 
214 10 168 208 
63 115 193 197 
223 83 31 242 
201 129 12 4 
66 64 143 122 
36 20 238 18 
128 212 113 129 
135 255 105 103 
171 83 113 130 
1 156 244 34 
234 203 239 221 
242 71 248 131 
248 136 128 85 
144 225 85 113 
165 157 106 145 
99 78 219 245 
83 98 44 158 
200 247 210 189 
123 241 244 107 
114 73 114 154 
38 167 39 76 
228 52 107 3 
116 169 220 120 
249 173 95 143 
24 93 97 139 
92 44 99 126 
217 237 181 4 
16 46 129 49 
19 200 12 200 
234 180 57 174 
52 32 79 158 
17 194 251 29 
64 109 153 177 
133 226 175 78 
78 232 186 17 
149 159 46 49 
8 17 184 50 
104 10 198 91 
47 42 73 107 
117 56 185 136 
20 185 90 120 
11 193 191 19 
32 10 140 248 
202 67 128 128 
77 170 178 240 
39 221 26 243 
171 237 84 71 
236 181 161 182 
220 106 47 72 
181 115 154 183 
152 122 178 35 
116 195 127 7 
42 188 130 108 
239 214 62 92 
241 148 247 154 
61 225 186 144 
224 167 157 137 
76 157 72 32 
254 97 180 248 
94 198 51 174 
231 111 177 12 
135 157 57 128 
73 69 187 204 
49 102 12 254 
103 153 46 163 
153 234 210 56 
154 230 27 225 
79 245 165 94 
203 234 198 58 
185 217 19 69 
250 40 38 69 
144 233 159 233 
187 103 105 254 
97 255 63 229 
179 50 110 69 
14 248 220 253 
31 86 73 93 
75 50 213 149 
78 103 194 109 
34 21 124 55 
34 58 214 2 
111 135 151 17 
147 108 53 140 
100 118 224 116 
43 218 194 220 
6 82 134 87 
139 39 23 173 
174 143 170 210 
229 58 254 24 
138 40 226 163 
128 189 249 29 
25 23 186 172 
55 159 186 33 
178 222 46 115 
250 147 171 107 
254 2 49 160 
76 142 104 166 
121 138 41 131 
195 77 64 98 
245 132 113 140 
139 205 185 147 
23 129 213 208 
227 208 9 16 
216 20 26 139 
158 95 156 22 
5 86 116 153 
164 67 149 194 
192 101 13 251 
111 139 69 154 
252 225 132 88 
142 9 182 5 
5 109 108 122 
37 212 35 206 
246 52 201 205 
106 199 125 165 
65 97 151 227 
42 1 232 158 
43 166 67 242 
66 100 59 177 
77 182 47 84 
39 22 132 56 
20 203 50 7 
95 3 130 115 
65 33 22 43 
5 88 41 7 
106 121 24 134 
73 9 33 123 
119 151 107 3 
237 76 71 186 
38 196 182 47 
201 28 43 149 
136 77 146 187 
72 184 144 62 
130 2 13 253 
233 33 240 205 
77 183 41 110 
191 159 245 190 
246 198 93 45 
241 61 0 113 
222 140 19 123 
59 72 166 169 
59 232 41 61 
107 212 46 14 
149 191 113 125 
228 55 21 171 
74 122 48 233 
31 140 138 112 
11 134 162 83 
37 49 242 177 
92 211 116 47 
23 73 101 165 
24 86 73 24 
166 59 47 233 
235 136 54 75 
155 49 80 250 
214 228 70 43 
80 154 253 190 
175 109 247 187 
52 169 28 252 
158 37 187 39 
75 212 204 224 
161 151 120 60 
172 85 219 120 
8 78 8 235 
2 172 77 57 
250 91 185 202 
12 27 220 122 
239 212 206 146 
28 41 115 248 
51 79 252 162 
155 32 177 80 
105 107 238 123 
132 143 108 136 
6 72 194 66 
229 200 44 135 
210 10 138 65 
97 99 172 153 
107 90 204 103 
177 185 92 236 
193 228 3 195 
30 106 226 21 
155 218 27 13 
8 216 148 139 
16 111 248 29 
98 169 255 43 
15 93 240 113 
51 73 100 178 
216 96 76 171 
23 101 53 71 
128 185 203 17 
189 114 156 238 
113 172 31 12 
102 36 245 22 
232 3 110 170 
108 247 79 12 
118 136 211 28 
185 170 239 133 
127 142 218 56 
75 190 205 25 
189 105 8 247 
183 251 21 194 
190 241 80 248 
163 236 167 97 
98 4 159 252 
74 94 151 57 
94 1 81 104 
252 229 174 114 
188 77 185 199 
155 87 231 151 
89 210 158 69 
31 79 243 25 
101 123 184 53 
19 172 182 202 
230 185 55 139 
22 15 200 98 
54 1 60 98 
91 96 244 254 
128 76 94 120 
41 73 188 156 
71 150 39 173 
92 186 211 160 
223 95 148 136 
226 99 161 82 
242 45 153 178 
63 61 195 93 
253 7 154 121 
9 2 137 81 
208 252 243 78 
109 176 118 35 
17 154 113 71 
168 10 195 168 
185 120 214 158 
142 23 221 29 
150 172 89 48 
7 161 226 162 
199 85 36 254 
141 183 40 187 
68 19 213 176 
176 44 182 206 
83 138 253 13 
146 21 200 167 
20 227 164 133 
107 79 79 246 
246 75 195 167 
5 247 111 208 
63 114 200 171 
65 239 0 42 
136 12 21 233 
145 96 14 98 
62 83 130 96 
124 51 89 182 
35 132 214 48 
30 151 214 202 
203 94 82 32 
164 126 43 38 
32 166 39 25 
212 31 54 181 
222 165 251 169 
131 118 135 72 
23 168 104 129 
29 191 226 17 
176 127 124 247 
34 255 191 40 
226 255 58 133 
163 123 201 10 
186 129 23 72 
200 63 98 21 
154 96 126 130 
77 153 29 13 
182 126 77 24 
1 155 66 154 
151 192 86 21 
70 156 78 200 
156 141 223 37 
147 183 113 133 
116 84 34 27 
245 74 14 38 
164 3 206 107 
137 121 62 227 
7 144 131 177 
4 169 77 86 
74 116 90 40 
44 5 60 1 
108 43 91 52 
92 253 61 197 
68 181 5 217 
4 194 58 107 
250 24 202 65 
38 203 79 30 
140 220 144 58 
218 83 75 239 
75 141 50 181 
203 216 51 80 
92 61 252 72 
184 157 191 154 
56 0 50 173 
244 41 219 135 
44 110 138 65 
231 198 39 184 
217 36 173 134 
138 3 119 49 
181 66 187 161 
238 51 84 216 
136 239 196 221 
182 236 121 249 
240 209 79 38 
153 136 87 197 
222 149 215 143 
225 167 145 206 
23 109 72 205 
238 171 129 141 
180 141 135 185 
180 59 177 220 
162 173 231 210 
57 193 99 125 
34 139 181 185 
24 236 10 145 
74 102 173 179 
0 46 206 33 
130 131 131 42 
54 63 12 153 
8 172 91 44 
14 152 212 71 
108 172 81 234 
118 249 105 225 
21 212 242 58 
108 228 196 252 
187 121 192 22 
131 31 17 150 
235 116 178 27 
98 54 48 141 
134 160 178 11 
68 247 54 37 
65 96 29 76 
121 244 234 134 
39 22 71 103 
228 4 73 60 
18 173 244 137 
123 195 2 182 
54 16 224 5 
203 13 250 199 
150 177 56 208 
113 135 200 40 
141 3 31 3 
161 22 58 243 
71 0 42 93 
162 102 207 42 
69 164 228 190 
80 100 59 46 
220 112 74 173 
154 196 231 72 
182 232 80 212 
2 124 110 36 
80 20 91 127 
31 71 33 80 
123 3 197 32 
30 35 132 194 
219 68 92 205 
61 212 206 80 
107 107 227 192 
78 95 109 53 
246 147 143 214 
58 143 127 146 
159 214 139 18 
124 115 90 235 
91 214 117 23 
161 222 5 166 
114 55 223 177 
207 230 189 144 
1 34 206 76 
59 102 114 87 
123 196 62 123 
177 124 71 17 
35 205 157 115 
16 11 21 180 
147 242 76 142 
203 58 232 155 
57 107 33 200 
105 243 129 8 
213 118 231 69 
6 101 210 156 
252 210 220 201 
208 131 133 224 
152 69 50 63 
139 130 118 192 
102 22 143 51 
14 95 52 11 
118 147 142 87 
195 87 132 244 
174 141 59 1 
42 109 221 148 
71 215 154 171 
87 231 237 102 
79 203 33 115 
112 209 19 201 
38 196 57 153 
48 121 227 129 
1 165 193 4 
102 241 166 55 
106 81 139 188 
119 145 215 244 
189 49 222 113 
215 114 167 170 
172 177 242 243 
148 244 121 172 
189 195 119 184 
204 57 103 49 
199 90 14 89 
50 167 187 212 
120 240 206 21 
141 106 119 23 
210 1 192 77 
57 239 206 219 
169 142 99 6 
164 106 168 233 
39 155 42 106 
209 82 34 109 
72 177 249 72 
217 224 11 118 
94 93 172 143 
101 147 104 119 
142 175 143 214 
53 175 242 201 
81 187 231 216 
156 185 147 39 
245 28 104 240 
2 252 236 48 
25 108 188 161 
97 8 209 233 
52 205 3 17 
200 46 203 56 
15 99 77 137 
219 5 150 106 
70 216 34 246 
81 232 161 174 
203 215 250 107 
117 117 145 152 
99 145 198 157 
165 15 190 158 
39 59 101 102 
214 93 179 158 
4 142 47 67 
14 201 178 87 
60 69 110 214 
232 2 46 235 
227 162 223 100 
20 123 80 100 
98 234 54 87 
213 234 115 43 
247 229 152 190 
129 202 168 146 
51 95 31 200 
4 217 50 76 
123 170 89 77 
93 154 11 240 
136 25 200 69 
31 211 93 122 
231 134 100 78 
241 16 10 201 
122 205 21 42 
15 31 37 34 
245 78 57 63 
199 147 118 171 
97 111 36 22 
253 65 250 241 
156 24 155 221 
168 198 96 99 
215 54 88 229 
82 255 141 212 
23 56 137 36 
155 143 25 253 
180 149 81 180 
183 92 208 249 
221 68 70 82 
236 18 51 200 
19 66 241 223 
21 159 244 204 
170 16 81 227 
34 181 125 79 
75 50 87 5 
149 75 105 251 
116 178 107 148 
6 28 9 95 
246 154 231 2 
160 39 225 113 
117 125 151 100 
161 46 41 7 
236 239 63 243 
222 55 77 93 
39 9 21 141 
62 13 109 146 
71 230 66 53 
58 192 221 43 
66 40 101 143 
99 33 165 143 
96 116 16 101 
220 71 2 137 
191 241 73 36 
219 13 228 200 
208 205 10 95 
44 146 111 98 
215 185 194 76 
175 183 122 77 
111 104 210 66 
213 164 18 229 
4 20 17 65 
39 67 248 106 
87 248 72 106 
191 196 31 126 
253 215 183 131 
204 23 47 171 
224 116 142 116 
18 117 5 219 
189 23 116 204 
104 216 48 222 
165 15 4 61 
56 126 117 231 
124 42 74 28 
3 107 76 15 
125 63 75 226 
219 227 97 209 
180 165 123 174 
231 244 20 141 
130 185 68 192 
226 234 250 6 
28 91 133 255 
156 216 90 227 
12 114 17 116 
120 22 176 49 
175 100 44 205 
236 189 45 223 
181 158 18 219 
4 45 53 65 
165 18 112 20 
223 136 224 142 
86 180 232 18 
48 53 121 98 
119 252 145 18 
190 94 2 61 
8 103 117 118 
229 114 174 1 
222 246 18 68 
19 163 102 120 
35 174 217 164 
76 105 69 204 
212 22 178 101 
167 253 28 13 
65 188 118 121 
206 223 238 175 
144 176 115 117 
130 80 116 9 
59 7 235 18 
20 217 155 215 
141 90 149 175 
237 195 1 184 
41 68 27 204 
7 156 124 177 
131 232 155 144 
114 184 147 169 
101 104 39 68 
208 174 3 235 
108 111 68 214 
217 215 59 167 
136 168 110 88 
216 210 224 113 
127 69 147 126 
44 3 74 192 
107 121 147 35 
200 15 5 112 
55 254 199 196 
179 97 82 65 
38 144 119 3 
137 169 163 85 
76 111 98 37 
248 88 34 182 
19 225 58 149 
68 37 42 206 
183 174 36 95 
195 139 204 237 
202 162 61 182 
97 72 76 199 
177 15 16 111 
29 223 162 243 
38 73 33 131 
139 23 249 109 
180 40 101 145 
80 123 51 21 
62 137 200 90 
169 216 99 46 
120 205 166 67 
229 194 82 223 
107 88 82 214 
230 14 251 182 
246 19 146 65 
164 89 14 32 
72 235 32 213 
170 128 113 242 
103 80 43 136 
150 38 186 227 
172 183 212 116 
157 50 182 15 
68 24 177 87 
5 78 230 118 
177 113 78 17 
169 105 253 122 
71 65 167 40 
121 53 99 101 
175 13 175 71 
248 170 180 225 
103 223 204 186 
188 130 66 127 
64 194 89 244 
241 186 143 48 
223 71 34 10 
214 23 212 207 
61 3 235 54 
62 159 125 149 
40 15 234 84 
17 28 170 162 
191 135 73 104 
201 156 175 123 
249 11 165 22 
245 244 149 135 
30 65 145 40 
185 56 151 145 
77 80 20 12 
75 68 166 74 
244 103 38 84 
120 55 230 195 
91 52 55 52 
29 243 47 247 
26 110 169 7 
175 158 140 63 
158 76 81 202 
180 36 191 220 
169 11 249 159 
71 178 187 113 
206 107 225 76 
152 60 41 133 
249 50 57 186 
105 248 228 6 
229 168 169 118 
146 225 124 193 
164 26 202 51 
126 54 183 235 
26 88 170 70 
172 248 11 155 
130 55 75 41 
47 111 37 77 
232 15 36 249 
46 166 102 97 
174 61 159 247 
101 234 96 154 
7 162 154 10 
162 79 94 160 
126 34 230 60 
73 43 217 126 
112 39 203 57 
208 153 3 36 
142 28 130 211 
67 247 65 230 
93 242 185 129 
194 104 168 252 
182 158 19 219 
254 83 135 0 
69 152 165 31 
192 226 222 115 
14 94 122 175 
98 132 223 56 
227 239 16 145 
83 108 116 22 
239 81 217 238 
151 16 184 59 
47 11 186 147 
69 170 124 180 
244 171 143 115 
8 186 196 246 
98 66 166 35 
159 130 71 88 
244 227 64 93 
92 137 243 151 
246 40 19 126 
168 25 103 81 
9 173 202 8 
126 193 119 138 
163 146 131 32 
236 211 171 41 
140 253 80 16 
149 231 192 124 
97 150 183 198 
50 86 38 176 
21 9 50 84 
12 192 128 90 
107 136 176 110 
131 135 39 241 
126 71 18 239 
138 81 167 82 
58 254 174 85 
40 138 65 59 
224 106 208 64 
249 223 104 208 
133 204 52 247 
172 197 68 25 
147 104 141 227 
131 240 49 129 
71 7 1 17 
213 220 64 88 
49 118 170 180 
143 72 181 82 
184 5 23 161 
174 181 136 7 
147 9 201 210 
199 235 229 113 
81 90 183 228 
128 117 172 113 
209 213 203 153 
20 32 242 74 
203 219 98 86 
211 128 125 36 
70 209 207 166 
159 107 76 138 
31 158 216 181 
112 124 13 237 
137 48 56 213 
209 146 164 31 
135 248 28 253 
97 78 171 216 
115 105 166 69 
83 152 236 53 
123 124 109 107 
238 26 233 52 
31 47 250 82 
14 195 85 57 
180 1 77 126 
161 70 153 140 
228 120 86 153 
43 153 80 216 
43 156 125 240 
66 119 202 174 
91 121 26 246 
19 222 140 0 
26 161 253 193 
219 145 207 166 
95 167 232 136 
110 151 253 221 
248 165 16 43 
180 186 55 195 
7 183 160 171 
39 9 210 220 
128 126 53 173 
87 86 213 144 
173 158 99 252 
102 185 125 170 
170 64 46 4 
140 12 185 219 
233 144 146 88 
147 108 174 53 
175 64 252 44 
92 190 52 176 
150 4 207 220 
89 40 86 169 
9 20 224 99 
17 148 215 94 
203 173 250 229 
160 49 168 115 
112 144 91 38 
51 241 115 112 
225 129 53 16 
144 11 19 64 
220 202 45 48 
140 123 25 180 
115 181 223 57 
147 125 72 254 
137 22 89 129 
37 22 26 55 
88 191 156 127 
83 139 57 217 
237 9 30 83 
69 232 7 69 
169 81 74 62 
183 123 23 62 
194 121 254 38 
120 86 177 108 
193 99 12 19 
234 208 82 219 
2 122 186 181 
132 4 42 121 
55 41 66 219 
83 80 156 156 
229 97 82 253 
116 216 193 121 
229 24 141 179 
156 1 230 174 
228 196 9 60 
145 246 9 185 
228 228 207 248 
174 39 95 126 
184 120 94 238 
99 197 209 197 
140 132 40 71 
178 71 123 186 
91 144 19 209 
179 231 44 107 
119 43 249 126 
17 38 233 77 
5 99 41 226 
139 68 106 184 
125 79 228 184 
116 201 155 102 
47 134 225 93 
52 255 28 249 
185 165 201 83 
196 117 193 114 
146 205 187 191 
54 126 19 186 
130 34 202 236 
42 176 205 28 
39 77 122 198 
90 101 96 201 
114 251 70 96 
15 61 111 83 
39 92 29 111 
170 154 84 51 
97 165 224 204 
28 35 154 68 
12 142 230 246 
110 66 128 69 
105 212 121 141 
58 166 124 90 
142 184 86 216 
47 193 181 139 
227 127 48 64 
146 75 136 68 
166 240 46 211 
183 189 5 211 
104 217 104 195 
140 215 111 238 
142 138 110 228 
15 27 191 42 
208 88 194 49 
211 79 33 133 
189 28 89 71 
127 255 118 221 
53 178 29 232 
78 249 208 118 
238 122 110 122 
144 207 249 121 
240 218 156 133 
40 88 237 111 
25 185 111 57 
12 48 91 202 
153 6 160 229 
201 51 40 92 
119 47 93 129 
252 6 236 222 
11 171 200 38 
217 142 115 107 
129 112 121 144 
168 118 61 2 
92 125 247 163 
66 174 254 7 
241 82 67 227 
153 231 30 194 
232 115 78 250 
46 24 59 223 
191 233 125 54 
153 252 162 237 
70 192 44 9 
4 145 218 223 
36 138 41 135 
176 155 25 142 
80 219 52 235 
110 31 205 52 
153 203 134 18 
39 232 21 243 
31 119 71 254 
86 5 68 76 
215 128 22 85 
136 73 101 168 
11 138 132 224 
227 202 178 211 
216 191 153 12 
156 99 27 124 
174 74 78 108 
127 50 197 182 
212 220 18 53 
107 26 136 122 
225 42 70 192 
211 66 113 34 
68 108 192 12 
62 148 62 240 
188 223 75 58 
200 63 228 133 
225 69 37 15 
159 54 12 106 
154 96 128 117 
135 174 146 139 
164 123 2 250 
87 164 5 183 
17 225 69 80 
121 85 42 33 
199 99 88 203 
109 196 121 226 
253 214 60 230 
71 55 157 117 
193 147 104 190 
45 186 248 57 
117 246 69 150 
218 155 30 243 
77 223 178 81 
29 236 85 73 
211 52 129 251 
91 5 27 72 
100 93 248 65 
8 255 160 222 
176 198 82 244 
50 58 72 97 
61 97 59 137 
247 216 42 7 
228 33 88 156 
10 63 148 107 
83 128 188 105 
50 155 132 15 
137 250 116 82 
203 89 48 212 
94 144 252 92 
67 173 127 132 
248 70 199 177 
157 14 142 72 
87 165 188 31 
242 181 45 50 
202 58 179 152 
235 33 95 181 
119 21 252 176 
72 150 221 39 
215 75 217 34 
92 153 147 70 
55 116 255 76 
143 117 33 177 
57 45 24 174 
219 186 92 106 
81 151 68 111 
79 185 203 90 
72 215 147 215 
143 9 42 205 
189 148 141 214 
82 4 234 242 
159 124 170 124 
227 75 175 93 
180 191 218 127 
160 62 209 133 
21 146 255 185 
126 133 220 69 
175 174 110 167 
131 138 16 95 
195 207 114 234 
74 252 225 244 
103 53 200 202 
131 78 119 14 
4 38 36 174 
113 54 47 22 
214 105 171 165 
106 46 25 94 
111 204 118 225 
90 247 121 153 
52 160 22 54 
64 17 70 94 
222 56 10 159 
175 67 173 169 
250 110 74 186 
78 25 143 89 
105 30 192 71 
89 97 255 179 
225 169 202 173 
30 174 197 221 
106 115 186 117 
129 213 222 100 
227 100 86 205 
121 115 249 183 
122 107 88 6 
144 101 251 170 
55 247 238 22 
102 77 125 243 
114 124 59 22 
47 20 73 176 
88 244 212 197 
49 99 224 224 
106 92 68 4 
71 40 246 229 
254 51 137 88 
97 24 244 9 
188 254 149 108 
1 39 118 246 
34 198 206 140 
191 17 203 60 
1 152 142 43 
198 213 120 206 
254 4 164 93 
84 53 180 133 
18 159 209 94 
62 55 237 156 
9 129 75 9 
107 166 66 51 
7 200 62 97 
84 146 7 204 
254 19 70 12 
138 204 69 209 
58 7 246 211 
48 107 55 12 
213 206 84 36 
124 74 205 45 
67 147 90 144 
58 135 45 71 
200 7 119 77 
74 6 45 83 
252 223 12 181 
29 236 219 172 
78 84 240 197 
60 36 245 146 
126 162 236 159 
193 222 113 167 
34 137 63 8 
219 10 246 117 
34 207 28 235 
78 225 97 230 
60 188 39 212 
241 93 65 202 
128 156 251 118 
46 188 91 85 
213 65 167 37 
134 1 39 158 
114 126 44 93 
11 115 82 33 
102 173 1 57 
228 28 58 61 
17 42 144 253 
204 75 116 183 
169 214 182 141 
147 19 73 53 
182 149 71 243 
156 202 52 196 
149 208 135 220 
93 138 102 83 
249 244 178 28 
226 179 67 54 
101 241 117 38 
74 103 227 164 
180 187 114 149 
72 13 146 57 
145 205 192 166 
163 207 79 117 
255 161 105 187 
183 28 81 59 
211 57 234 217 
242 38 125 82 
53 153 183 43 
88 101 241 231 
34 75 181 125 
0 18 125 9 
237 217 189 194 
148 173 36 44 
185 87 31 143 
213 119 160 167 
0 215 29 157 
20 249 219 54 
16 242 108 75 
186 123 119 121 
137 70 183 25 
193 142 70 114 
224 242 28 46 
57 131 210 11 
223 28 172 211 
196 242 215 142 
34 107 239 246 
26 52 197 43 
156 142 94 168 
134 232 63 118 
16 179 231 159 
103 114 158 230 
152 16 109 181 
176 119 110 87 
33 94 70 103 
104 98 239 137 
237 89 187 88 
43 227 149 159 
16 65 138 203 
167 107 137 160 
244 92 103 44 
32 177 38 249 
214 114 119 135 
236 48 125 249 
70 80 212 15 
247 166 210 84 
170 70 13 153 
65 150 29 161 
187 168 163 30 
91 199 138 220 
6 80 140 61 
238 196 248 229 
109 26 179 182 
51 90 125 255 
164 103 118 240 
124 28 225 82 
181 155 39 117 
170 226 31 105 
124 160 140 112 
181 70 232 180 
43 96 96 54 
40 38 31 7 
199 78 207 186 
161 37 93 25 
169 222 253 23 
85 42 111 6 
255 9 128 10 
138 223 211 206 
72 202 225 117 
27 51 63 212 
219 163 32 222 
248 216 26 95 
97 25 45 238 
164 198 1 28 
86 51 111 242 
181 182 67 155 
140 255 64 93 
87 168 101 206 
168 13 111 68 
201 94 159 141 
163 243 189 224 
222 223 93 20 
74 199 97 16 
126 245 191 131 
191 168 133 213 
35 174 26 93 
245 53 198 212 
92 223 116 9 
56 20 183 215 
77 156 12 84 
163 109 95 76 
44 193 208 238 
168 108 182 196 
198 109 228 233 
140 195 44 118 
248 130 34 61 
232 37 34 186 
55 38 149 70 
41 204 111 142 
9 69 252 68 
16 244 221 20 
137 12 78 218 
51 94 170 18 
231 111 48 143 
122 206 7 113 
229 164 128 81 
163 141 156 190 
91 166 206 237 
191 232 1 172 
180 180 221 152 
179 174 70 144 
111 207 38 105 
184 182 109 227 
159 63 86 220 
219 87 235 196 
107 15 203 81 
125 239 43 116 
143 140 27 139 
212 92 10 216 
217 202 141 50 
104 134 92 250 
173 31 157 81 
151 211 102 136 
129 166 125 216 
18 177 98 84 
97 189 143 27 
93 16 254 210 
109 135 236 82 
83 229 221 157 
86 107 224 23 
160 169 20 243 
229 147 107 235 
69 215 174 52 
116 110 193 177 
24 113 41 103 
114 47 203 49 
65 124 246 180 
227 76 164 150 
190 128 253 235 
222 255 29 240 
223 9 23 252 
14 200 58 179 
203 40 147 125 
50 233 178 55 
250 243 177 40 
156 233 115 54 
184 0 42 89 
181 18 28 81 
169 238 166 148 
120 243 129 139 
63 221 68 253 
243 222 42 204 
69 241 22 223 
201 107 212 95 
88 210 162 38 
179 243 239 116 
104 47 98 228 
250 22 30 159 
60 55 69 208 
254 53 186 88 
235 30 44 194 
178 249 80 121 
100 158 109 56 
29 203 30 195 
231 115 84 213 
219 89 154 89 
138 222 157 220 
155 23 235 67 
181 35 251 185 
159 188 110 236 
165 11 148 121 
62 193 50 164 
237 99 130 77 
101 229 124 32 
240 123 84 11 
17 172 68 245 
104 168 139 173 
215 219 182 32 
227 194 30 208 
93 254 178 129 
65 167 246 53 
222 226 76 91 
55 182 115 68 
170 27 77 214 
207 84 229 132 
163 127 176 126 
230 107 19 36 
193 169 38 193 
172 230 184 118 
143 120 147 116 
39 54 0 110 
172 141 142 79 
177 208 16 40 
75 208 229 108 
117 173 124 95 
179 235 22 204 
246 200 206 246 
192 205 215 210 
136 164 6 115 
96 41 144 198 
213 195 20 127 
23 245 220 83 
90 48 96 104 
123 236 11 10 
231 247 66 159 
185 12 163 221 
34 167 138 58 
14 24 218 164 
4 214 250 115 
78 23 29 156 
91 157 199 39 
97 211 141 227 
70 24 28 88 
193 91 124 253 
189 232 150 171 
254 129 244 82 
6 177 201 235 
58 93 49 173 
65 156 185 132 
173 201 34 191 
221 214 98 8 
33 226 236 154 
32 14 49 174 
119 141 103 54 
163 251 137 206 
33 240 159 240 
211 212 63 103 
166 245 84 6 
114 214 30 153 
34 203 122 28 
20 194 100 43 
195 100 186 186 
163 93 66 6 
76 247 239 203 
219 238 96 184 
149 128 170 32 
206 195 87 242 
10 59 175 235 
97 172 54 10 
40 45 117 69 
205 126 253 122 
3 155 170 168 
31 145 37 95 
194 145 172 117 
185 67 22 251 
33 92 17 111 
207 115 175 51 
239 17 33 62 
234 7 194 18 
142 4 87 238 
105 102 148 68 
117 81 227 109 
251 254 98 156 
177 86 42 17 
37 192 215 143 
95 55 69 15 
194 159 151 182 
52 89 126 5 
127 21 184 80 
246 231 214 113 
91 158 67 189 
0 81 130 55 
45 58 183 4 
194 199 105 31 
29 239 134 78 
62 195 167 85 
41 69 150 105 
140 124 14 231 
162 200 193 70 
87 116 159 75 
173 138 86 123 
94 235 21 214 
195 158 150 194 
244 105 91 70 
49 158 56 120 
129 56 17 57 
152 38 229 31 
254 231 11 179 
110 87 188 221 
125 201 210 156 
124 85 207 250 
158 116 33 64 
94 202 165 102 
27 66 105 205 
5 96 182 49 
61 211 78 217 
56 74 242 16 
101 137 39 217 
15 188 58 223 
132 11 130 171 
119 110 229 25 
163 195 157 13 
177 30 60 98 
92 96 238 35 
211 11 255 254 
94 84 157 245 
69 122 222 87 
238 87 5 239 
69 53 1 123 
96 226 54 96 
100 7 128 155 
162 181 117 251 
6 65 235 141 
178 82 187 88 
230 56 196 75 
35 127 50 116 
144 196 0 115 
156 200 187 45 
229 195 137 197 
89 251 107 200 
154 148 191 167 
167 170 9 107 
186 157 242 164 
108 172 145 162 
31 198 234 232 
157 156 180 222 
253 251 96 198 
199 89 86 241 
88 174 130 51 
135 133 15 148 
136 82 114 72 
17 6 171 226 
188 225 199 196 
173 135 170 218 
116 87 11 136 
52 248 192 224 
5 52 60 25 
152 10 86 60 
26 254 76 33 
90 180 7 154 
45 189 160 238 
18 177 36 137 
18 126 148 241 
234 255 48 252 
108 209 245 65 
35 98 101 204 
54 74 134 22 
142 223 45 52 
59 3 124 78 
20 65 170 83 
158 25 2 235 
48 151 47 173 
84 43 182 147 
111 180 196 170 
165 222 42 14 
247 174 166 22 
174 91 100 204 
253 96 196 160 
226 207 94 93 
77 232 68 91 
132 234 134 247 
198 41 252 64 
46 97 63 243 
219 74 249 170 
78 108 95 80 
19 53 251 216 
164 73 175 46 
138 25 247 110 
197 183 110 85 
110 233 148 245 
155 124 206 172 
131 218 174 86 
227 223 117 194 
160 233 214 99 
173 46 253 72 
47 83 208 78 
223 58 117 149 
176 27 20 48 
179 214 222 33 
55 135 78 132 
52 91 174 10 
234 163 222 169 
197 39 81 146 
132 189 88 100 
154 26 163 159 
212 231 4 91 
61 24 119 58 
63 121 96 155 
10 137 19 16 
58 140 153 19 
179 220 178 244 
208 128 22 22 
190 255 0 91 
34 118 237 221 
2 233 161 223 
226 215 108 3 
45 17 171 189 
215 204 145 7 
65 244 40 86 
93 195 146 205 
18 147 149 177 
226 240 87 30 
202 242 101 248 
105 201 250 35 
101 154 127 247 
11 138 78 238 
53 24 187 160 
113 175 85 242 
95 123 105 138 
91 125 200 134 
92 218 202 109 
28 121 147 101 
122 204 149 167 
28 238 86 49 
88 239 116 186 
85 108 230 235 
109 98 132 204 
214 67 202 125 
130 74 217 38 
67 12 190 48 
51 81 247 182 
83 33 51 54 
114 34 90 141 
81 33 205 34 
4 238 239 97 
155 109 228 107 
2 234 153 11 
38 173 4 237 
89 206 173 10 
248 75 109 103 
75 88 117 255 
172 246 147 253 
236 199 177 47 
242 33 159 184 
165 97 18 5 
13 130 236 2 
180 238 189 141 
83 147 138 43 
170 58 206 249 
176 20 191 230 
236 150 210 32 
35 135 129 204 
51 88 76 250 
63 179 254 216 
12 86 49 37 
171 34 20 233 
89 111 108 100 
163 163 217 68 
206 3 91 27 
117 201 20 15 
116 118 80 212 
5 105 194 215 
41 177 16 188 
74 32 147 11 
30 160 88 38 
206 202 106 127 
88 181 83 7 
50 12 224 234 
48 100 37 121 
167 204 193 103 
211 165 99 57 
118 180 141 248 
194 117 152 41 
121 178 249 255 
83 85 194 206 
160 123 108 195 
46 201 211 211 
109 3 130 241 
209 218 49 132 
120 6 140 24 
13 149 54 83 
236 131 14 43 
134 138 177 87 
7 59 64 3 
55 78 99 200 
158 55 141 219 
236 250 130 133 
152 63 23 211 
198 169 57 142 
110 100 49 109 
187 253 38 138 
177 119 228 19 
19 155 220 66 
132 143 107 143 
236 170 95 36 
29 135 183 145 
183 88 170 193 
72 125 235 44 
184 86 44 79 
229 85 225 89 
138 87 70 40 
101 52 163 115 
153 148 206 73 
81 5 242 186 
166 75 144 212 
195 247 195 209 
70 60 200 142 
234 253 189 63 
99 42 169 98 
138 77 189 241 
186 96 218 220 
122 226 83 182 
92 42 243 174 
37 250 66 194 
45 87 4 47 
9 152 3 44 
104 190 14 215 
59 3 66 112 
25 182 136 197 
225 69 95 237 
161 156 220 57 
182 173 238 104 
53 80 231 26 
138 78 56 136 
95 184 124 113 
192 126 185 88 
124 60 226 236 
206 87 160 200 
60 73 81 92 
192 57 82 43 
38 207 121 56 
181 70 230 186 
17 195 252 23 
96 229 170 16 
172 157 239 57 
136 64 157 173 
247 218 93 255 
137 198 243 116 
199 123 195 111 
209 169 148 44 
70 133 149 177 
100 96 157 2 
113 127 183 149 
89 39 222 5 
152 247 5 10 
90 123 91 169 
225 253 204 168 
40 158 203 69 
198 166 79 40 
20 25 27 149 
146 139 67 230 
135 52 236 57 
232 71 83 102 
123 128 17 52 
60 252 157 204 
0 78 18 109 
88 207 50 98 
184 53 171 49 
217 104 154 22 
91 145 78 175 
175 115 78 249 
52 254 157 123 
160 33 60 193 
162 225 241 12 
198 168 71 72 
152 223 214 62 
12 190 196 11 
29 99 140 209 
181 34 254 172 
205 29 136 232 
213 20 179 113 
86 126 240 138 
214 216 149 194 
252 61 35 36 
244 55 202 175 
21 213 47 6 
193 253 108 104 
141 4 88 225 
162 124 10 194 
100 77 152 80 
81 8 36 185 
43 119 26 76 
89 121 179 232 
139 12 190 181 
157 172 159 19 
190 220 152 208 
209 2 71 158 
19 119 112 196 
254 223 253 19 
110 182 67 28 
3 44 135 160 
198 51 193 72 
15 214 159 150 
166 204 205 28 
40 77 116 236 
172 36 1 79 
167 6 39 186 
13 34 39 253 
185 249 79 190 
15 112 192 38 
224 35 117 218 
141 253 129 45 
112 6 152 148 
119 123 209 90 
18 36 170 148 
80 226 77 88 
69 136 18 42 
174 235 68 183 
216 61 40 198 
189 150 59 107 
112 212 188 125 
188 165 106 75 
8 226 143 139 
126 31 61 147 
109 128 216 204 
235 206 212 99 
190 201 192 65 
125 192 132 62 
242 96 231 145 
195 202 84 139 
81 232 221 134 
225 0 128 24 
250 137 169 140 
13 62 249 146 
92 114 70 53 
20 163 227 14 
188 81 33 183 
211 16 21 131 
181 221 156 108 
191 174 157 77 
179 77 142 82 
94 101 58 172 
120 221 193 137 
203 102 224 67 
152 80 114 215 
54 162 55 154 
252 105 213 39 
97 80 28 156 
98 113 142 6 
36 107 31 25 
219 181 57 37 
234 50 3 69 
76 5 227 218 
50 166 66 55 
237 53 143 158 
15 15 134 108 
205 160 178 144 
168 120 48 65 
77 160 183 241 
185 46 213 124 
160 23 123 166 
16 69 188 196 
82 233 210 185 
17 19 98 36 
189 128 1 216 
50 178 246 141 
149 70 65 213 
127 131 221 81 
94 47 67 36 
24 166 47 168 
241 45 166 96 
174 131 56 46 
250 185 131 198 
10 68 248 99 
125 81 226 185 
134 88 163 42 
76 244 65 60 
145 242 34 75 
146 167 20 123 
47 135 145 241 
76 244 64 67 
119 84 190 44 
203 102 159 133 
20 214 176 112 
52 15 127 215 
197 80 30 21 
255 2 35 242 
220 73 243 213 
123 217 65 53 
194 11 209 81 
72 47 130 33 
114 36 139 140 
220 39 5 219 
250 233 170 110 
255 228 220 173 
253 238 233 66 
78 15 141 134 
52 144 184 56 
188 84 146 117 
232 108 188 228 
12 229 217 50 
121 228 78 190 
89 246 69 149 
218 161 248 160 
143 63 44 28 
19 12 251 75 
239 125 215 105 
189 211 204 226 
142 241 5 194 
138 106 146 109 
214 223 105 144 
187 136 170 87 
4 16 39 225 
167 166 35 241 
168 81 90 230 
59 131 66 237 
41 242 145 117 
116 163 255 227 
62 71 77 135 
231 203 134 207 
118 43 133 187 
58 135 183 145 
177 120 34 210 
168 164 166 108 
164 144 131 49 
129 182 28 136 
89 216 251 99 
167 147 20 113 
172 55 78 148 
18 214 63 149 
208 155 55 23 
77 93 129 201 
200 116 229 224 
247 204 113 197 
238 56 122 10 
67 8 221 163 
112 221 138 83 
120 188 68 100 
206 98 162 155 
114 215 90 107 
93 70 190 105 
31 12 135 0 
199 15 210 102 
3 81 104 206 
136 197 66 224 
180 97 77 102 
114 116 106 72 
95 58 185 186 
43 173 23 180 
65 159 229 162 
170 6 12 94 
46 151 61 91 
189 150 126 35 
14 236 226 3 
134 122 151 4 
91 173 38 30 
249 82 247 169 
165 172 20 20 
96 196 46 217 
14 1 229 176 
215 248 68 4 
206 133 139 163 
208 27 50 185 
175 88 42 255 
144 221 102 48 
146 92 154 189 
177 242 67 193 
233 184 231 55 
158 149 158 107 
59 86 209 174 
26 0 66 78 
164 100 76 197 
185 245 109 49 
82 215 1 4 
100 56 80 253 
8 227 203 87 
218 18 147 64 
158 132 59 140 
42 208 207 171 
128 249 21 216 
58 66 18 148 
43 68 208 83 
67 61 95 117 
179 171 26 119 
82 26 43 107 
63 58 82 165 
200 52 226 184 
139 62 12 161 
219 110 95 65 
102 203 144 17 
20 170 119 17 
50 56 91 1 
207 83 111 212 
102 158 156 98 
190 212 129 93 
15 92 185 134 
102 30 92 32 
74 150 200 165 
160 38 161 185 
204 177 22 92 
25 101 102 99 
91 216 163 41 
211 87 183 130 
82 123 164 240 
161 252 16 26 
33 202 0 121 
175 90 228 85 
202 62 212 240 
248 249 25 1 
101 17 239 99 
206 102 137 15 
157 193 86 72 
86 176 131 21 
49 146 193 244 
9 238 72 205 
116 9 27 37 
52 183 142 148 
206 113 6 121 
120 168 1 236 
56 89 86 244 
75 226 189 250 
196 20 145 126 
117 137 213 9 
18 55 118 99 
148 70 207 5 
220 31 114 209 
153 198 38 1 
107 105 44 94 
73 57 199 178 
32 120 251 127 
188 211 148 241 
236 243 106 18 
225 79 228 61 
216 68 187 213 
249 103 0 54 
126 26 97 236 
23 93 168 36 
141 231 132 95 
166 118 140 110 
74 99 129 154 
227 121 211 35 
10 7 103 236 
95 52 152 116 
184 147 124 8 
127 247 104 55 
85 137 182 135 
251 23 197 102 
115 175 66 99 
98 109 166 158 
185 145 0 125 
148 212 245 161 
99 253 5 25 
71 175 16 213 
191 133 24 93 
131 97 72 195 
176 0 53 213 
38 210 101 152 
46 9 14 242 
97 240 31 167 
197 127 132 135 
56 44 166 229 
18 3 50 74 
6 249 28 107 
73 126 227 89 
246 81 22 248 
178 152 23 178 
140 48 31 108 
38 66 130 185 
26 23 53 78 
151 45 141 183 
75 138 73 72 
134 80 211 85 
156 146 195 166 
139 102 165 37 
221 59 252 218 
208 109 135 25 
181 23 194 250 
150 41 176 10 
27 186 216 64 
174 159 141 51 
222 60 115 137 
1 154 63 179 
30 186 190 216 
10 41 25 14 
208 213 87 208 
86 31 35 173 
62 49 208 61 
11 146 154 89 
133 247 47 139 
94 93 110 196 
21 84 110 77 
27 158 194 0 
53 248 251 184 
33 56 111 6 
124 152 57 38 
227 82 129 49 
89 109 254 147 
232 214 184 192 
139 178 19 35 
76 243 9 87 
170 41 183 154 
61 155 27 127 
157 151 28 227 
127 6 202 33 
33 67 232 138 
233 46 168 15 
73 124 181 65 
229 81 118 124 
248 16 146 94 
243 114 175 126 
104 213 128 91 
39 215 254 147 
167 36 245 86 
167 140 195 25 
20 89 92 143 
46 223 146 213 
231 84 148 237 
139 226 180 109 
166 251 109 120 
35 237 164 238 
177 182 46 224 
107 25 147 71 
183 241 17 245 
110 198 228 203 
62 158 197 45 
77 21 177 179 
31 176 235 33 
186 111 68 154 
8 161 154 16 
124 252 159 255 
248 237 219 91 
239 45 245 199 
199 149 46 7 
129 51 46 184 
155 157 3 62 
53 133 103 255 
116 142 65 207 
36 94 111 170 
161 245 195 169 
247 61 75 47 
72 226 214 99 
110 99 179 228 
226 106 188 184 
220 89 148 133 
188 37 44 3 
169 103 140 177 
120 176 208 199 
207 29 112 108 
138 44 197 42 
93 206 201 159 
187 190 31 117 
