20967 21472 
10290 1824 
6612 4539 
26364 3360 
5538 47310 
35152 4982 
7030 2976 
17554 20100 
21158 21060 
41536 19845 
985 10304 
22500 10010 
8382 33831 
15048 8736 
21669 2380 
11387 24070 
22000 29304 
12561 3190 
50996 16837 
600 8008 
5762 42622 
49050 31772 
16898 45426 
27404 16256 
12956 28968 
35028 11752 
7296 27528 
11016 28830 
33598 17100 
11868 2727 
240 41008 
4606 3355 
9870 23364 
9086 11515 
14746 18620 
7095 5874 
28 17442 
14848 15660 
34768 1886 
16 38016 
18620 12019 
25410 1860 
18375 16432 
18135 3120 
6399 18174 
300 8003 
45540 7052 
1083 140 
0 836 
836 23750 
8820 1273 
31396 8800 
43425 38478 
44863 11397 
374 16272 
6240 22644 
13970 1419 
32550 105 
1564 7524 
17526 7395 
30544 45 
21756 26 
32320 9316 
4704 8673 
8288 62997 
12714 722 
40222 18232 
34364 13392 
45080 42456 
1813 3886 
7348 11500 
3249 885 
6540 41 
30030 32025 
42147 805 
24505 2079 
11880 23056 
6461 2530 
11481 13616 
26163 7035 
20700 8965 
15525 40836 
11968 14170 
6916 1530 
7738 48708 
36084 28792 
13920 292 
354 28250 
4700 12320 
6765 52731 
9594 2520 
23400 29145 
0 21600 
22971 8614 
35778 12456 
36284 1004 
28470 2187 
3220 12954 
34587 2310 
24300 36936 
25056 28322 
42036 16544 
9200 6417 
18733 7315 
46552 0 
56628 8016 
2829 4608 
3600 5518 
6496 29868 
3910 18618 
3864 12773 
4263 396 
2000 15708 
1200 39196 
34632 1696 
9471 210 
52080 13603 
22176 4655 
32234 37752 
23750 22506 
1140 22339 
96 16500 
8968 45384 
4575 1232 
22927 32195 
32580 2852 
27742 16530 
1386 16974 
1080 41327 
28251 13384 
888 2538 
1710 37632 
11514 783 
5017 50290 
1080 170 
17820 5727 
448 59472 
4536 11242 
3906 13608 
10240 3312 
12825 53824 
9711 34950 
35109 1015 
20520 13940 
25935 15006 
6480 20655 
20172 15136 
6111 17570 
13225 865 
54825 5088 
8470 7980 
6264 19152 
20664 2640 
2162 8965 
882 356 
14240 6210 
19266 5376 
30753 32412 
60742 21945 
1764 6993 
4230 3726 
7225 14276 
14615 12272 
34240 54450 
3417 1224 
11616 34992 
4180 29256 
44528 213 
450 1711 
16218 35404 
13176 12663 
33286 2675 
13209 33453 
8160 11700 
1778 26780 
11872 348 
4836 10230 
10887 25912 
26983 14278 
28457 48930 
5103 2945 
25235 37908 
4163 5256 
5676 47264 
2850 675 
14391 25840 
53520 4224 
43039 2190 
402 3432 
550 98 
22506 14364 
5088 40683 
14697 15908 
30264 32548 
48760 4536 
8740 2784 
9922 2390 
11340 26196 
8560 16720 
4991 9936 
1722 2673 
47268 45384 
1397 29751 
20212 11792 
60973 22176 
37800 27440 
806 332 
4633 2132 
39721 30388 
2200 3760 
1485 52440 
598 38664 
21504 33839 
5376 32956 
43758 19388 
22134 21222 
24480 6708 
7260 16764 
38709 18832 
31680 31008 
28371 43092 
2286 612 
33176 22261 
11711 19890 
8652 376 
35376 33490 
8008 26400 
12397 2800 
4325 40700 
8100 22504 
21836 6776 
9234 442 
15330 28840 
9030 31119 
660 702 
63240 2856 
1944 25288 
21879 14948 
28888 28268 
10560 816 
6156 3105 
20291 24089 
144 11475 
19440 46600 
27378 7888 
17072 594 
24448 94 
32400 728 
4732 13899 
9758 8211 
6180 17600 
23970 9144 
31044 8844 
4440 38773 
31557 11985 
14160 805 
12035 1092 
15080 7656 
11868 12045 
8970 8576 
1836 0 
2848 26800 
784 17253 
1620 30450 
1746 13348 
22220 55370 
6555 34748 
10974 5429 
18018 3672 
12320 4920 
0 17850 
44885 18408 
60024 420 
26510 385 
19800 30360 
28485 21460 
4850 17334 
28417 33495 
43357 21504 
24308 0 
7140 1060 
9280 13394 
9400 4672 
31160 33120 
2958 11224 
25972 2492 
19520 19097 
9600 7448 
1112 17458 
10080 23852 
34164 28400 
35475 32930 
540 29601 
19200 32308 
4446 8004 
6400 32184 
15744 627 
20700 5915 
126 413 
11184 5832 
21608 11918 
30033 31329 
49680 20580 
11220 3703 
29458 16352 
12012 2310 
1702 29700 
972 14364 
52576 5046 
30831 5952 
52580 26250 
6510 34749 
322 3003 
2436 8190 
5063 4794 
41808 4028 
4107 6804 
8586 14985 
2432 11229 
14457 8466 
8844 38038 
21090 16214 
21021 17340 
2120 29999 
6355 6962 
7000 40180 
38340 867 
3854 1380 
7232 16353 
1640 486 
7000 2100 
29526 6603 
987 5180 
8436 423 
18512 3542 
1456 14880 
25536 26989 
4560 6624 
9310 9966 
19266 21646 
13800 6716 
2964 1872 
3423 19440 
12 27566 
13620 1640 
22800 6300 
32860 17220 
14168 11297 
2805 3744 
19668 31188 
6300 10906 
12050 3302 
36924 7503 
220 26680 
27117 25159 
25654 3912 
6375 17466 
22194 6882 
55913 6762 
16675 15272 
11972 59000 
11150 34662 
10032 192 
9798 4620 
1700 40320 
19608 21060 
24752 442 
19080 3154 
53874 28124 
820 29127 
30090 50292 
3768 2774 
28640 8280 
30318 16425 
108 594 
6596 13910 
41236 2387 
408 9870 
40633 14904 
2730 5146 
9720 3432 
1675 7912 
1470 6794 
5346 28026 
50600 4360 
4906 27552 
3129 8820 
0 1771 
3280 4464 
38340 17150 
480 12688 
12192 3441 
3100 1024 
10912 15812 
19089 21896 
404 16932 
576 7020 
1568 280 
15436 5880 
37800 42021 
2955 6372 
21868 2256 
530 322 
30996 32670 
3870 13760 
12750 37592 
1792 14620 
25351 31635 
6432 45136 
33810 2507 
4522 2052 
18200 459 
6692 46125 
35178 32482 
3944 32870 
0 56640 
38372 20313 
30504 1818 
825 15857 
9912 29250 
24780 7296 
3660 1485 
9591 4661 
15402 14400 
10422 2047 
5766 33938 
4828 5226 
14322 6556 
8160 10050 
31740 22145 
8848 950 
44640 5073 
1066 3355 
29250 33280 
6844 6272 
1001 4750 
14472 3311 
7770 9471 
20792 14007 
37062 3410 
19570 13452 
19116 41760 
5896 756 
12880 14820 
836 18054 
4620 7986 
255 21352 
2796 17466 
11049 30916 
29559 12714 
20862 40795 
30102 47175 
19844 9672 
14356 22018 
34112 11160 
1860 19695 
4446 25273 
1590 30876 
2352 14317 
11440 10032 
64516 33839 
954 33115 
27084 19136 
31390 25100 
32705 588 
14231 3920 
17475 21510 
752 20184 
22325 14976 
3876 43800 
510 10192 
24521 3667 
25368 1804 
22477 408 
5658 1008 
59160 1660 
32776 47250 
38709 52070 
828 55454 
38220 34920 
44390 33264 
4445 5700 
1197 42292 
14378 27600 
6160 13760 
13578 11300 
6048 19440 
4860 18249 
14910 10800 
2436 3781 
41334 3564 
6588 13978 
17352 16974 
28380 0 
3800 9675 
53325 14320 
15778 113 
3122 55454 
16240 17822 
40656 15120 
7084 18733 
4956 24640 
4427 5508 
7434 5536 
8892 24820 
43710 1677 
5150 1104 
15810 8547 
7744 38304 
31622 0 
344 36256 
6150 4212 
2695 15249 
24840 14280 
8932 19468 
8125 2419 
5481 3144 
7095 2622 
15355 672 
24973 6858 
10206 36 
1080 9360 
11484 3294 
960 12445 
2592 20099 
18601 12300 
4136 33473 
55660 32131 
18600 16510 
26375 2387 
11934 22246 
11661 19291 
16684 575 
31824 16932 
39710 1650 
7750 42074 
4460 5292 
35796 32160 
29625 33320 
25380 18584 
5544 41327 
15114 33702 
4173 12882 
5782 31980 
57354 3744 
29900 5280 
1782 4518 
7008 8722 
9270 27136 
9387 22878 
16317 5180 
46930 6970 
26660 6931 
31590 1310 
44496 12875 
40001 12397 
9163 24440 
11745 1308 
1517 16320 
665 10272 
50380 784 
17856 40768 
2482 956 
32835 6745 
777 34408 
8300 12500 
3834 3528 
4300 17856 
5170 19584 
6123 9063 
23290 414 
7081 10790 
25200 8632 
10160 34352 
23283 5360 
9500 20570 
25760 6076 
12928 1140 
2262 3528 
184 31871 
45384 24102 
2667 16491 
8241 9169 
7866 28200 
23892 48200 
3924 7650 
40320 603 
15355 28120 
16744 46652 
1391 15876 
10944 2340 
1308 13398 
6732 25752 
26130 29406 
13396 10575 
11935 3276 
12960 11220 
5434 52675 
3705 47945 
10855 48412 
4428 23840 
30523 12065 
19440 25908 
16524 4305 
5684 1105 
26676 38800 
45504 24335 
23256 7018 
16170 36411 
3738 27406 
5520 1080 
12191 31752 
3080 27216 
24939 19158 
663 11183 
33600 1351 
44304 120 
2418 41730 
6468 18860 
5460 16434 
31714 1073 
2844 41475 
22952 135 
0 13426 
3388 14060 
10557 1169 
11323 4200 
10290 7482 
30394 3906 
5474 2688 
9774 28656 
7474 8352 
1780 13860 
32488 3712 
41255 8096 
10773 26488 
6603 14359 
3230 3952 
12126 4800 
19685 160 
0 16732 
18250 13464 
21087 3300 
1102 3675 
3936 9476 
8479 15808 
4544 9867 
4860 9504 
4440 21100 
17484 10812 
20962 7040 
848 18304 
193 10682 
2146 27313 
720 1729 
34263 7540 
51695 1938 
9516 41881 
7657 1323 
52140 18564 
1872 7446 
11178 5800 
580 10620 
42021 650 
6600 32568 
14204 45652 
19140 6360 
8509 5544 
26832 58250 
19602 13720 
11782 483 
5106 22750 
40874 24698 
49494 21710 
15840 34983 
3906 2706 
41241 28888 
19694 29294 
4558 450 
4550 10296 
15498 10650 
7830 16048 
2410 1029 
913 32004 
14625 5346 
44835 16072 
21250 16750 
52192 31648 
4248 32095 
24393 14300 
37584 854 
3672 15170 
267 10152 
8505 8365 
2520 35738 
11690 22796 
30210 38304 
7065 1530 
17112 2890 
193 16290 
8160 1482 
679 1054 
6408 3048 
44712 27500 
17745 26334 
53966 3262 
16119 185 
3078 33495 
6080 11139 
38403 4500 
32391 21756 
32832 11640 
18018 3638 
8584 40232 
15360 11918 
1111 21730 
4662 23256 
9720 10070 
10396 1116 
47871 446 
8833 24955 
5405 19536 
22660 880 
12312 18954 
10292 1620 
46736 1728 
25120 15484 
9804 12152 
5328 1700 
7110 1818 
116 33440 
13209 560 
18522 25347 
39192 45580 
19602 13920 
32184 975 
16744 9800 
25038 24000 
1212 2520 
25344 627 
45269 126 
10920 9628 
4956 25265 
8064 49088 
38394 6194 
19053 48672 
1364 24528 
5760 26847 
5746 7138 
3893 10034 
20640 4002 
27547 20467 
3296 1442 
14210 9275 
19575 48165 
3780 9072 
31440 234 
32256 45927 
18942 34496 
36630 6050 
828 6292 
46728 2760 
6148 11600 
23213 19383 
37350 10241 
5040 21632 
34736 28014 
7920 12141 
42355 26529 
22140 864 
10170 0 
23084 1955 
8736 483 
8487 21576 
30653 19402 
46600 28215 
41418 1086 
17732 35442 
11256 5304 
13124 45741 
28024 27018 
14950 13920 
28919 18704 
1586 29104 
3456 13568 
50225 20930 
3528 4920 
12864 6150 
11440 4680 
9159 9036 
7378 12090 
8479 19982 
5940 29520 
1104 1484 
972 7248 
2736 1026 
5900 685 
2850 4929 
2499 5824 
6240 5160 
4004 35530 
545 58302 
8844 26208 
22750 4731 
54250 47470 
1270 7398 
4346 0 
25375 47430 
21160 968 
27115 7850 
46870 10972 
38592 32661 
10920 16112 
11760 17702 
30855 30481 
2146 24130 
5166 7050 
8362 4356 
15322 12017 
5895 10332 
4636 7089 
33345 44036 
1755 28014 
46833 35742 
35938 27776 
21450 3233 
0 14916 
441 43896 
36863 3567 
30104 32574 
31977 11880 
5680 13260 
924 26847 
16480 18 
192 1480 
3321 12367 
13559 28960 
1422 1558 
31440 15504 
3610 3944 
456 7420 
4014 8585 
3024 42525 
308 1926 
30351 19570 
43758 840 
9139 6035 
4380 13462 
14720 3240 
12656 1764 
10712 636 
512 0 
25058 12775 
7144 20700 
4464 43942 
25090 2980 
11172 18720 
8085 111 
5508 15048 
14980 2052 
3645 5612 
20592 14101 
16430 8784 
5778 1325 
0 9230 
20800 9322 
39936 11661 
8651 42315 
12483 19701 
52664 11466 
18400 5760 
27750 17238 
9660 10692 
15982 18486 
12903 45792 
1270 0 
12954 32742 
25300 38152 
42735 10672 
14980 7965 
11310 15554 
6303 920 
11692 20374 
36381 19838 
59262 1424 
19796 14514 
10584 11907 
1751 4089 
8468 36036 
1296 31892 
0 17608 
9381 2880 
38280 16568 
5216 13432 
2050 1078 
13104 31506 
14400 17856 
7007 14904 
20812 10856 
3636 3915 
20010 15498 
37098 46864 
42147 1078 
12141 15609 
16244 41416 
1176 24205 
9548 396 
13125 6254 
33820 9487 
13764 11814 
13570 5448 
13485 27830 
891 22801 
9812 12031 
798 10432 
4392 864 
4940 15910 
30444 7503 
8253 23940 
26718 37026 
21168 44800 
14030 28880 
2409 15132 
12852 12870 
9158 5150 
960 8385 
5148 33088 
41208 759 
216 14996 
34680 16104 
24800 29766 
528 15939 
32240 888 
13230 37774 
2080 475 
260 5115 
43326 20590 
26425 11834 
7497 21735 
6096 2688 
16348 39690 
31800 1152 
14287 14170 
2346 8352 
21168 2178 
755 21296 
7200 19468 
4872 14382 
23544 13674 
226 39360 
28956 35164 
5394 15168 
7378 4256 
3495 6156 
15295 21774 
7986 6688 
45030 30845 
49235 13724 
37288 37120 
10065 8769 
8526 44352 
9702 1430 
2664 27730 
11648 2535 
6390 6732 
2754 2898 
56610 18139 
12996 23124 
6086 474 
2650 17526 
3744 5767 
1740 19364 
41280 34875 
9717 496 
10494 15774 
35721 11315 
38505 3102 
39610 12100 
7200 1152 
27873 11118 
14973 15805 
1010 37556 
10088 2028 
8463 45431 
33480 12320 
27911 10944 
1311 11880 
2640 3586 
950 2392 
6642 6453 
65 0 
7515 0 
10706 2510 
34542 282 
13872 2618 
18306 50851 
6324 2100 
13629 2680 
6900 5046 
440 7105 
37910 750 
14679 26 
33970 3634 
3591 10395 
23318 40080 
18765 765 
32238 918 
27234 12000 
3270 48620 
5936 34161 
13774 10855 
5516 17316 
49374 25728 
26199 5402 
63000 8400 
2509 4216 
2300 29492 
810 36023 
13286 13376 
7480 20787 
58806 5202 
24530 15872 
7191 43260 
882 19468 
47559 14105 
36838 19575 
11310 44522 
18711 13395 
10449 3888 
684 33480 
23400 31152 
5035 16720 
50838 9802 
220 2760 
23625 9548 
27885 15048 
4074 4992 
19975 1887 
398 22018 
7056 9047 
0 6572 
8096 665 
30690 3864 
2967 2898 
254 9600 
16236 4896 
9540 14685 
25432 159 
14652 25488 
35904 1925 
53628 2928 
36936 3604 
4410 16500 
2961 33210 
12804 2720 
6868 24750 
15142 11627 
10200 1498 
9932 15096 
35164 11659 
31160 5610 
45793 7189 
4756 6453 
27652 20720 
4108 21836 
5610 37791 
899 5461 
2952 27930 
127 30573 
29068 21580 
14000 736 
51168 33022 
14823 621 
12064 11658 
13578 40194 
34182 32504 
1305 2700 
51480 13447 
3400 19035 
27675 24702 
10450 17280 
20193 2912 
12194 42186 
594 13825 
17464 6768 
1260 4290 
7616 39800 
39246 2375 
49056 26010 
11316 1517 
21328 6240 
14625 5562 
352 9308 
1236 11644 
44844 5664 
396 8658 
51612 26640 
2952 21294 
37191 0 
56448 18972 
21712 120 
27648 6776 
10017 16492 
2716 3648 
4700 44400 
2772 16744 
14965 6300 
1854 4116 
16942 31040 
26565 13260 
20252 18786 
20124 18810 
3900 32832 
21840 2530 
29040 20625 
21311 970 
7056 33638 
28084 20898 
7137 33180 
112 27528 
2750 4200 
7530 4424 
13311 16899 
37130 1275 
16536 980 
11781 21854 
37288 16264 
9796 10350 
40136 10829 
5421 435 
165 3848 
6171 25872 
12876 17114 
47 17685 
3068 7456 
56168 1024 
4680 7808 
28072 5070 
29640 6200 
6200 25122 
14508 4125 
4347 4320 
30140 11178 
35802 9804 
2420 40330 
870 3740 
20368 19320 
704 16560 
42966 3190 
22000 4575 
2552 27690 
19422 22648 
55144 134 
8784 8092 
4224 4293 
19096 16218 
29870 19206 
51294 3700 
22386 6237 
40454 642 
3440 38335 
26180 16058 
14060 12688 
10557 855 
40913 24888 
62992 12012 
7285 58528 
12210 36784 
22575 4081 
8827 10208 
11232 36984 
13552 20124 
7314 5920 
21600 6292 
33660 11184 
4343 27924 
216 2304 
32900 34222 
19360 37455 
37275 272 
902 3720 
61468 2958 
5664 22468 
20306 52000 
22638 22152 
10780 28658 
16498 12870 
21823 17363 
6674 18156 
5865 14580 
4914 13312 
11635 12040 
8658 5822 
1491 4140 
18290 3270 
23400 33142 
913 5994 
3562 420 
19404 7259 
36425 4482 
20984 9984 
35100 4332 
47443 2604 
940 29946 
46031 1068 
32696 5580 
16951 16872 
689 6372 
20962 5060 
44160 4422 
29290 212 
6528 5066 
19158 24192 
420 14807 
9792 247 
41580 896 
3036 4248 
18323 3927 
34608 3999 
18966 238 
21158 19740 
27674 9879 
9800 3060 
12816 14101 
138 4756 
51510 30988 
34933 1141 
8892 5070 
21156 212 
23828 33634 
27873 1957 
11136 31200 
60025 540 
42419 33072 
8085 8160 
14418 6834 
41360 15436 
6885 22155 
11484 9065 
41584 57270 
0 23680 
918 31200 
12733 7830 
2583 32508 
924 9950 
18630 11431 
56166 48464 
48112 0 
2212 700 
8602 18574 
21546 1216 
364 18387 
38445 6106 
13741 32900 
2112 55527 
44200 26607 
2706 23622 
5562 14596 
16767 540 
24926 7359 
8756 11424 
7280 3152 
8610 22000 
51706 19558 
16468 9963 
22968 33880 
20862 0 
7203 53816 
35424 18527 
5863 4928 
17633 950 
41268 59202 
16380 21090 
27666 48645 
5934 5680 
9744 5390 
6192 11792 
36695 8775 
38270 3015 
3325 41820 
22659 27510 
28350 41249 
22098 20200 
3978 26406 
12540 22935 
31250 17666 
2196 20819 
10229 23443 
1602 38500 
5394 19380 
14527 27378 
15678 8840 
9462 10868 
17612 17500 
45492 12012 
2484 6460 
6440 7812 
10750 15914 
6930 12644 
44370 8190 
1430 23265 
2268 9700 
27664 5220 
756 8712 
4228 11600 
5049 4323 
50794 10205 
12707 13845 
39858 5221 
10108 6627 
13728 224 
11999 1420 
7056 5487 
11628 4080 
30750 21616 
480 44955 
33824 6727 
9900 18312 
18560 118 
9350 16485 
25680 572 
32665 9425 
26712 10379 
15048 12700 
41168 22454 
1404 5495 
15800 39559 
2250 6641 
13699 17613 
35457 29044 
3624 918 
185 41076 
2772 7696 
0 7308 
16632 29756 
2750 35800 
4738 24804 
39292 13216 
19203 5390 
10584 7260 
1691 25320 
12524 3420 
20972 8687 
15840 2400 
47970 15456 
9702 18886 
8733 5750 
2880 2450 
2563 1215 
20022 15698 
902 4620 
3161 648 
208 26586 
35659 17248 
9266 9595 
10388 28457 
2475 5831 
32370 1365 
20368 22765 
37523 484 
6624 20034 
20700 22797 
12204 11211 
13536 1800 
3332 1155 
20910 44232 
5852 96 
31616 16874 
6164 25164 
9520 480 
48822 4163 
15375 1848 
25773 6840 
21509 59708 
666 24600 
8228 5382 
13156 11109 
37286 246 
5133 39878 
39884 34578 
3591 14460 
2450 14112 
33473 10065 
9804 19152 
52788 4872 
4220 252 
3528 23184 
23000 19720 
31096 20418 
4368 14532 
13160 2196 
13975 765 
2954 57072 
27485 1390 
1640 33592 
20252 5832 
3780 17028 
2640 3423 
1422 9672 
16781 31464 
56852 18090 
2379 2200 
6468 3360 
858 27966 
682 39324 
11592 18870 
15072 4047 
20264 35328 
20600 37232 
28296 57750 
4738 12852 
37149 58786 
16359 41748 
35670 21942 
24720 14170 
8366 31228 
24396 3150 
48585 32526 
39537 9440 
36456 675 
25440 9435 
37249 9476 
1458 0 
26931 9828 
4875 1254 
7105 39820 
14852 5311 
9477 1881 
4514 18216 
3708 57288 
4484 32800 
26784 42300 
43584 44103 
2450 19600 
6560 39342 
4875 17876 
11664 131 
9976 29884 
4650 32886 
21021 6355 
8556 0 
740 10710 
20737 11139 
4107 6432 
39758 24649 
38340 25812 
12467 24310 
26280 38570 
1862 1010 
6510 34300 
10336 29645 
5302 46060 
22464 22692 
30609 5874 
19656 10164 
17347 11256 
11560 37022 
12420 315 
9945 744 
31008 19355 
5904 29240 
13542 17460 
6090 11816 
22560 6741 
3122 9460 
6018 15295 
21216 17850 
23520 1064 
16000 5494 
12642 7956 
1688 11502 
9072 12348 
5010 1917 
19572 11685 
13068 465 
3700 4774 
336 14726 
34144 42960 
21330 1833 
32488 3520 
7854 30456 
3852 14820 
33807 330 
978 2944 
23010 35148 
12087 4650 
1450 24276 
2086 31559 
6321 2562 
17941 27710 
26199 25810 
15687 3060 
7917 8470 
28000 220 
31324 41416 
47520 4698 
8568 10011 
6148 32193 
62730 17009 
13230 5440 
11660 17649 
4992 23296 
62496 1278 
20838 10080 
29406 6162 
24192 35280 
10296 11880 
22110 12100 
9152 14365 
25192 4740 
29618 29568 
28420 25864 
15470 1826 
40365 26400 
536 3496 
1386 6052 
567 2097 
8768 4550 
23358 45069 
8976 52598 
12426 13359 
8600 17480 
9018 51054 
21870 19656 
10591 31372 
42714 6370 
3375 351 
10990 198 
6972 34018 
11984 3306 
2552 6192 
50794 680 
17876 43659 
14056 11094 
4464 50020 
19500 45590 
29095 17876 
8455 4180 
13746 532 
5040 11470 
30753 1092 
10088 34008 
30975 31710 
10640 9457 
1742 7920 
13475 22072 
2556 17360 
2250 17544 
540 43834 
27468 2142 
11502 15 
3565 15470 
12792 21335 
12760 27132 
0 49250 
24816 16761 
13816 29382 
1890 26983 
25972 2812 
48178 9867 
62220 5103 
35114 17850 
14025 43095 
6510 45549 
19188 28560 
4131 2400 
2325 15265 
8112 22161 
6370 539 
1905 9398 
648 8370 
29232 14432 
10914 7434 
40232 12480 
85 1411 
11286 29988 
46964 31136 
52664 4240 
10976 32616 
1500 10950 
24603 36806 
0 55304 
38957 30956 
16224 12320 
27783 324 
3151 27390 
7548 22545 
35680 26727 
17052 33123 
11300 14112 
1888 198 
23345 810 
1650 2676 
2352 25050 
49940 15908 
7000 16206 
168 31688 
16884 23961 
4263 1030 
13321 9180 
13260 20020 
8322 1924 
22491 0 
15611 27178 
2656 36784 
6888 6408 
3025 1235 
10164 8835 
1380 11310 
16317 4814 
32890 6325 
1328 1 
26784 5368 
20520 19635 
8700 3520 
17577 15390 
24332 14896 
39744 2835 
17716 65 
58072 4080 
228 2197 
51562 1160 
15433 36450 
28032 31995 
24108 6579 
11692 16350 
38394 9090 
21186 12283 
532 815 
309 8208 
17052 7749 
7955 19635 
8178 1848 
31414 20706 
360 46189 
11178 18900 
2448 2088 
3060 24582 
1827 21266 
25575 2769 
0 13140 
6006 12220 
30256 21216 
6125 33654 
1950 15158 
27930 2304 
13345 10780 
0 4530 
5876 35400 
9515 9288 
51695 1869 
30186 53360 
4422 23220 
6237 1650 
660 6150 
18304 34408 
3060 650 
5576 27840 
6723 1288 
6996 11628 
27048 10857 
42622 13005 
7980 4809 
114 1053 
8816 14850 
30090 36089 
2523 6519 
21437 26026 
20584 3672 
9776 13747 
6734 19024 
1110 56672 
15624 8586 
5978 25125 
7008 4048 
38203 21510 
3657 37050 
39390 3488 
7700 18758 
18720 23088 
1807 6000 
4514 2032 
7345 22578 
15192 65 
7420 10899 
31104 616 
24510 25821 
34500 2262 
43240 31031 
3225 1392 
5126 19773 
22746 38400 
31588 6580 
4712 924 
2196 12801 
45144 25398 
9682 14062 
58250 35100 
16510 22724 
0 3200 
8996 3980 
13778 8325 
5120 13570 
18408 6016 
2970 2310 
11385 4780 
11044 2167 
24700 2698 
41961 24000 
3720 34209 
29520 27572 
18696 44750 
18240 2996 
7452 10125 
4848 4410 
11999 4795 
8251 55596 
14508 20687 
33120 5002 
4104 16128 
7874 28200 
35866 55913 
5830 28702 
13056 29887 
2541 40515 
0 15500 
1170 28165 
36190 14210 
16240 1925 
3816 17766 
10275 84 
12972 798 
44660 28314 
6000 13806 
21939 7632 
32385 29322 
22578 6076 
10275 1273 
2260 759 
12208 9100 
49530 23858 
675 15247 
53500 2938 
61992 12166 
18193 18981 
23296 45045 
0 22672 
13843 5940 
1044 15264 
39843 20048 
2812 54060 
1288 1432 
16432 9259 
378 14647 
38160 19995 
3052 34290 
2822 43424 
4950 20424 
4628 31365 
15732 47690 
8576 17496 
7210 22797 
13970 3196 
32535 40740 
749 20336 
16652 10608 
4536 2686 
1830 10795 
2730 45150 
17136 23880 
15104 25350 
17013 2988 
10912 1794 
28548 51060 
4830 44522 
19000 15072 
38760 29436 
612 12084 
0 3420 
6989 12544 
39816 26660 
16965 22848 
21600 17628 
45668 18400 
44220 21296 
13447 45540 
5538 20160 
8484 4522 
12834 13230 
26565 200 
41958 39388 
550 22655 
10035 27331 
3364 1582 
1316 5880 
21010 10550 
960 13936 
8686 22914 
5781 37 
24776 16428 
58 261 
43281 6909 
496 5628 
18183 4600 
12508 567 
20708 4214 
6386 48020 
19280 9381 
6512 31635 
35052 14520 
54 18048 
28830 32881 
2724 7544 
1680 32548 
46168 756 
46864 2030 
2004 1311 
5891 3029 
19602 13122 
12100 10925 
19968 2440 
9438 7872 
2738 42816 
10302 37816 
10268 21484 
730 21087 
7004 14824 
13068 8288 
16830 23400 
8610 2132 
42224 53808 
38192 26880 
3960 49896 
3618 10428 
12000 429 
28224 747 
29920 486 
2079 31974 
4480 3910 
225 44457 
18675 12430 
23690 183 
29328 17395 
8568 33495 
25870 6624 
1184 46740 
15327 31280 
1440 35084 
26274 17672 
9180 8424 
12240 18330 
33184 13776 
24543 19125 
1183 20648 
9 1650 
29750 4681 
21470 3280 
16875 125 
10804 4140 
10 60021 
15351 5194 
33578 6027 
1254 33620 
2583 22632 
30552 5148 
17052 3220 
48510 2860 
11070 22017 
39215 99 
1677 1898 
231 50160 
18988 850 
1248 3780 
28767 6600 
13786 54120 
29140 48000 
167 4464 
50328 17331 
7192 2574 
6976 29808 
26244 5251 
33728 960 
11250 43281 
15318 35066 
41541 7480 
22308 1560 
30912 42200 
3080 3520 
16744 13320 
8533 596 
17172 26535 
22176 180 
10419 22656 
16500 15914 
4108 14399 
378 21228 
8748 46155 
6300 3591 
4179 7920 
27572 25641 
2110 324 
50301 33540 
31515 2771 
18165 6264 
12166 4454 
7600 2268 
190 12190 
7680 25016 
18354 10375 
4140 36192 
56334 2356 
42592 20898 
15892 4368 
3485 1887 
21714 5880 
40500 27010 
11600 10800 
39928 24552 
38744 36408 
26741 39140 
2640 7704 
15624 4860 
36936 14861 
3600 19673 
3043 13067 
762 4988 
9588 39963 
708 7515 
6308 23517 
11275 40542 
256 12600 
14170 54948 
12300 30400 
95 705 
32395 42273 
4352 4047 
11067 34128 
10815 17952 
11615 30294 
14238 969 
2592 20889 
4710 16965 
34773 41406 
25410 47690 
12240 167 
4872 2640 
7521 14335 
30602 3290 
14210 33072 
10281 6120 
2450 32412 
7719 17352 
28320 1476 
1932 26257 
20124 27216 
5670 1152 
47124 10150 
9100 570 
1840 18810 
1472 26208 
16590 248 
1728 8979 
13345 7938 
9090 45344 
2444 10285 
28200 9840 
24955 36256 
12236 14186 
47936 17010 
14464 11144 
24236 28800 
12250 5115 
10192 7425 
37191 2860 
2626 2227 
33516 21750 
7314 648 
7560 23560 
4158 11700 
1664 7659 
36612 15456 
9546 46216 
21390 27224 
49248 7410 
374 15477 
5762 564 
22890 10200 
4473 6533 
44946 21708 
21965 7120 
45612 38394 
13090 7462 
9750 1920 
4922 17290 
12136 6045 
3081 10560 
9452 34368 
2304 19536 
208 21844 
6191 1832 
12441 21805 
6942 3103 
5122 9310 
15260 20116 
1157 43979 
27300 1680 
5082 4620 
31536 28024 
15656 5246 
440 8502 
41528 4094 
31458 7020 
11658 2704 
19080 38038 
43225 9139 
0 18900 
4234 23667 
92 31395 
38014 20532 
26364 35332 
42804 42237 
2160 40940 
24794 14760 
24843 4508 
1350 13847 
15168 43262 
13224 3180 
208 864 
22211 24182 
33916 35728 
200 16511 
20400 5040 
750 26572 
10773 6048 
2112 43524 
30861 21976 
1115 6612 
11952 8855 
6800 642 
8976 34545 
47740 1168 
34710 30932 
15327 32208 
42750 14453 
19866 7384 
72 34726 
10595 4488 
51120 406 
39 14 
5616 4209 
16240 9328 
12152 6825 
1113 24150 
1881 33276 
38080 31280 
13224 3857 
2438 34333 
9810 53520 
1224 6630 
33840 20458 
1206 28024 
1504 62738 
27720 7585 
33775 72 
8848 11712 
2400 28462 
15352 10890 
60016 34825 
32538 60180 
34905 15444 
4270 26910 
12699 31590 
14157 962 
33441 28375 
1184 7524 
16974 1470 
43537 10656 
1952 35490 
13440 4719 
9396 26128 
21054 2646 
17340 53088 
5375 2985 
0 17248 
3060 7905 
30012 1850 
43264 1274 
42978 8343 
10332 5808 
14652 40626 
32231 23275 
7667 29359 
4767 43318 
20230 2616 
18532 888 
22351 4134 
4551 23715 
30929 1413 
3003 9432 
36738 13671 
14762 1500 
58539 14628 
9282 21646 
12672 23528 
6930 5160 
9792 3996 
1989 36542 
680 560 
7616 24564 
8246 2244 
7080 456 
30016 10332 
4760 1030 
3528 2294 
12064 25100 
736 8789 
4680 22000 
24486 962 
2080 14129 
54225 31616 
12972 2220 
39035 9500 
1764 16315 
3713 8910 
31960 17340 
7812 11638 
6993 23400 
3816 0 
2140 34944 
7245 38021 
18509 7502 
25929 48 
4224 17446 
720 4284 
27136 14577 
34425 10815 
14193 14690 
156 8296 
47502 52819 
17182 32488 
33728 10880 
32400 9605 
25905 15370 
7722 53655 
8134 6952 
49400 39690 
29643 26108 
8322 17556 
6346 2964 
11856 321 
19604 26400 
43077 13585 
2232 13483 
4048 12474 
51429 724 
736 6321 
3800 2400 
42120 9918 
1664 12482 
3298 7279 
6976 27081 
30058 13650 
18096 3162 
23691 2254 
136 9200 
1040 18018 
1974 7811 
6552 25160 
3700 10800 
2123 3629 
320 34720 
13534 16384 
13090 42720 
8619 6318 
40527 5964 
42716 29302 
23320 3384 
20815 28182 
18544 6230 
22620 889 
7896 14040 
51146 5704 
35668 38038 
13725 26784 
37408 21509 
11932 2304 
24638 44640 
18612 8874 
25641 2124 
21195 7296 
5037 38148 
4998 3048 
15759 7498 
35802 11760 
35420 6075 
19355 15510 
47502 11484 
40145 1311 
10000 2622 
33552 37047 
19261 26670 
24735 14427 
8950 7590 
3472 55660 
2666 6789 
3750 31737 
8034 21146 
714 6820 
1972 428 
14985 2567 
15876 7420 
11800 25984 
9374 42680 
492 11658 
5421 3979 
24882 35700 
13282 6096 
5520 36838 
24192 7221 
575 31992 
8745 6138 
39516 5290 
36750 18297 
508 7840 
10792 17264 
16698 5371 
15015 6272 
32340 15820 
28495 27195 
2967 44304 
47216 144 
4320 3614 
15010 3432 
430 17748 
10988 28906 
19392 3263 
15429 10626 
56700 11616 
1278 910 
545 13176 
7844 7210 
12792 41205 
21094 20625 
6305 34277 
42 36656 
7138 16214 
6600 10443 
14014 3948 
858 7392 
4060 350 
285 14950 
2145 946 
440 287 
12826 3216 
657 4059 
17969 321 
18012 13206 
7448 8554 
5628 6407 
10472 27302 
13248 8928 
260 3289 
7689 49200 
14091 4510 
30369 46550 
48708 4185 
14701 0 
31080 2337 
4248 28054 
13688 2501 
22684 644 
28459 14125 
12540 3591 
9028 11184 
4340 15456 
1474 13446 
1813 42834 
19412 5452 
1679 16665 
2064 1752 
9794 10951 
31960 4050 
7595 20000 
48792 3010 
12320 48070 
19075 46189 
8788 7056 
5846 7293 
15900 45696 
24311 7200 
14620 26280 
624 1880 
344 4389 
22750 37370 
324 26840 
50668 30076 
1148 28520 
4029 40824 
4960 14160 
11235 29274 
18876 14688 
432 12804 
45800 5940 
2100 8970 
9603 26316 
9630 21012 
32745 21712 
44004 585 
3180 4746 
33790 351 
1728 20572 
1776 7192 
16562 10965 
1395 27120 
3723 17800 
20736 12996 
2323 3763 
23680 3451 
21546 37128 
19436 372 
3672 5390 
696 18700 
26676 948 
16048 5908 
31450 31787 
18034 12208 
14250 5125 
19845 1976 
45933 4074 
45790 19840 
38468 16199 
392 40068 
6956 8607 
94 8424 
57708 19836 
14476 36815 
13485 34881 
18690 10902 
2449 6075 
12423 9752 
3268 36764 
42550 7645 
330 19600 
54 5880 
8736 61976 
9728 11280 
2993 29328 
10650 6747 
17112 33760 
21185 20128 
22374 13202 
10890 27234 
3843 18135 
1771 18634 
18 11097 
52416 18954 
19184 4130 
2618 8023 
1680 32760 
22200 33812 
3266 6409 
25800 4272 
1127 36612 
16915 9144 
25803 7480 
1292 37488 
7744 37492 
11454 3289 
3066 33400 
4540 21812 
8453 19434 
18450 32565 
1235 23088 
7182 34200 
15535 0 
1632 4893 
13920 1372 
5146 12480 
6324 16198 
4620 10272 
4530 43228 
19082 2624 
20664 1634 
5312 975 
6572 9774 
36630 42419 
15458 9720 
3864 13416 
5539 3842 
22352 30628 
8670 7640 
57630 7714 
20049 2010 
23994 1656 
12600 2058 
14784 16380 
11781 377 
22932 1848 
155 10164 
28992 1806 
10920 15600 
21996 8251 
26901 15029 
9744 918 
18130 532 
492 22042 
16577 14074 
1008 23187 
676 6622 
8584 3600 
220 60 
4644 4732 
23276 12017 
12308 1085 
776 6206 
6000 13130 
7714 2370 
30800 8352 
18094 17925 
10575 9050 
43848 4080 
5612 18144 
28888 29414 
0 8650 
10004 29565 
4840 8970 
45738 7176 
7812 23182 
414 5831 
11946 30107 
12138 18144 
32504 43316 
42952 30129 
50160 3002 
20808 17139 
33078 30745 
37575 29870 
2507 14760 
40698 18189 
25380 24975 
10620 38940 
28026 48510 
11001 12375 
4726 33485 
5664 1450 
7548 30967 
0 6798 
17030 5502 
3402 1836 
1376 4004 
2128 15052 
18576 18954 
29382 23625 
4452 14036 
24624 49392 
22627 4224 
4061 2550 
27260 4806 
5292 6768 
21440 1958 
16796 1998 
6240 2204 
29524 31356 
858 7313 
912 4380 
3114 33428 
23985 364 
864 1120 
2639 49750 
26550 11648 
15255 8000 
423 93 
3542 14094 
0 3906 
16524 8694 
11316 43320 
8000 2714 
24640 12802 
30184 16632 
42224 16960 
248 3960 
1600 11557 
2201 2640 
369 6304 
1050 25608 
14892 18860 
12932 16480 
11449 43584 
7410 5777 
36162 30602 
8294 18542 
34026 2502 
14260 21150 
19474 2691 
35742 830 
6270 39471 
47610 27216 
34 15656 
6018 9918 
24108 7626 
21948 1207 
7175 18055 
176 3780 
35574 10792 
11774 35960 
6099 6600 
25515 1032 
25134 15939 
606 32760 
52920 44220 
27248 29792 
10488 3150 
18070 22656 
2244 7293 
1330 572 
17346 12354 
16965 32208 
24534 59 
4578 32708 
15265 26334 
20097 24174 
16037 3795 
23408 3819 
7448 8721 
5808 29283 
165 772 
24582 9130 
8586 26132 
17255 52460 
9261 25086 
24510 28390 
30444 58806 
36112 20812 
36855 21896 
11628 5047 
17910 1246 
8350 39644 
28800 4326 
14946 2737 
210 14784 
13623 45114 
23998 594 
17384 39144 
6045 4452 
17138 3706 
12744 17928 
48608 1298 
8742 24596 
14847 12376 
24850 30602 
9275 48642 
15147 49896 
28860 5733 
6860 24960 
504 11328 
2700 30268 
776 48697 
10660 51 
9200 11368 
1485 10549 
1095 15900 
15120 8364 
18792 28014 
43645 26750 
13689 22040 
14355 31086 
2475 30020 
2301 10302 
19902 28282 
568 3149 
2814 15486 
4140 23540 
464 10810 
36774 22300 
2460 8000 
22932 4698 
49842 4945 
56563 28880 
26058 24528 
4845 6200 
868 3800 
20910 6853 
14322 2640 
3400 13800 
6541 11346 
30954 7800 
3856 2010 
25010 882 
465 1258 
19110 3591 
29253 20178 
10767 792 
16445 60250 
3744 34255 
33264 9504 
11610 20152 
20910 29892 
1288 4932 
22165 6325 
26820 14580 
16836 51792 
15028 5740 
4248 10200 
1254 53743 
3339 49776 
2720 18387 
6154 9875 
3750 435 
11175 26355 
20648 15836 
168 855 
37884 462 
6240 25425 
14625 15100 
7406 287 
56404 15309 
12210 7161 
351 2961 
806 15914 
16330 3498 
11136 9503 
2640 14443 
3267 23595 
11136 1616 
15620 274 
46031 2628 
2847 45600 
42640 950 
6424 10878 
39775 14744 
32025 9394 
11544 13860 
34932 4122 
80 1105 
2613 26288 
21576 7632 
37436 3906 
54395 23973 
4692 8037 
25984 16472 
2106 1095 
4347 23664 
22464 10656 
2475 244 
7056 27027 
5208 2072 
321 1140 
7875 16950 
49713 20273 
29700 21402 
56364 2820 
24050 13056 
52884 1500 
2548 33915 
33696 20430 
1368 1972 
2640 8624 
17500 9020 
44604 10035 
28598 3942 
180 3445 
2970 2240 
30328 31808 
15480 4176 
2544 11858 
29988 2610 
17860 122 
824 13806 
26106 174 
54612 1224 
3097 12240 
6090 35588 
7980 14076 
4664 17978 
42251 364 
12220 14278 
45938 41650 
25344 13455 
10400 1044 
413 4230 
4340 33325 
12690 26075 
46215 184 
2788 5508 
1092 21948 
30392 22320 
20976 24843 
10504 2652 
36192 705 
11988 14552 
46655 9853 
22848 9680 
45360 25312 
8763 18522 
132 14208 
12947 5145 
3000 560 
13970 39004 
17363 5330 
5472 357 
23153 13855 
8436 3626 
21824 6188 
4275 8642 
2516 8652 
31842 3420 
27105 48348 
32724 11102 
6984 15124 
2655 1776 
6467 39366 
2774 4323 
3197 27141 
7200 14645 
9840 1071 
8494 18000 
36504 4554 
24600 11122 
44426 18286 
9416 17548 
3220 45682 
4674 9490 
14596 448 
16920 6816 
21760 27346 
8240 5848 
5700 42222 
31476 24592 
7850 2730 
1632 15399 
390 27140 
20001 1326 
17745 30866 
4615 6680 
6413 9999 
2275 12425 
42160 40500 
22969 37944 
24440 8382 
12416 21716 
44826 6864 
15833 340 
4922 43884 
183 12690 
9858 18625 
600 19656 
476 27540 
25785 7592 
31356 21525 
2739 3630 
59780 20115 
1950 5800 
10360 21895 
6160 240 
5100 12284 
25132 3192 
6600 44850 
4732 2860 
7047 11609 
2860 1183 
27650 8820 
12008 16362 
6480 42020 
1859 39591 
12638 21131 
22042 17100 
9120 5453 
12450 10602 
26040 1368 
38472 19942 
32850 23932 
4264 10302 
6804 43005 
2288 11900 
42656 1705 
7150 3075 
5217 2849 
3480 8964 
7636 9894 
10614 39273 
23634 14784 
1134 1540 
12798 15040 
4284 13800 
3139 27342 
4368 11571 
31824 108 
3976 27430 
16549 14950 
22506 23865 
20176 42336 
28756 4161 
21082 0 
10488 5115 
43392 25530 
1316 21350 
12936 12488 
54253 2320 
8964 2552 
19359 51646 
2416 10856 
517 27342 
11730 22320 
41724 16445 
1488 48216 
6468 5810 
20670 6248 
55388 5952 
12604 36693 
9840 2394 
4200 8343 
1557 1616 
24318 16422 
23798 4192 
49796 7011 
35420 1280 
34419 23808 
14550 36234 
4300 6688 
189 4200 
2304 11520 
14552 19360 
17685 9399 
8946 4302 
11178 13694 
14732 14790 
5520 3835 
23744 13312 
55527 21632 
27132 12844 
33884 1700 
15288 32007 
31440 6321 
497 17 
46860 5632 
5782 30600 
10296 14842 
920 3703 
31494 952 
1323 42210 
46765 25877 
7290 41724 
14976 19436 
44517 31059 
640 17908 
44457 8428 
27008 4500 
14630 34362 
17013 10488 
4898 39096 
13888 3081 
6576 11928 
30514 5084 
33480 7084 
7566 36936 
12075 11454 
12616 12508 
15252 11663 
6188 12116 
1457 20500 
2730 4845 
180 9702 
11270 21420 
27360 13158 
6579 17280 
6708 30000 
7854 35148 
11011 6396 
4218 0 
4186 48829 
31755 34362 
15865 31552 
16610 55913 
40920 688 
33480 10725 
1281 27360 
351 46200 
16128 9169 
7482 30672 
27334 24948 
18870 21250 
10880 184 
1680 40515 
33552 12848 
15876 9222 
11200 11088 
17480 9152 
600 45540 
3560 14534 
180 22176 
2516 20210 
35119 57250 
7840 19320 
16128 3458 
12291 12880 
29025 848 
1584 1216 
44440 2160 
17220 4500 
20815 12711 
18375 18288 
3014 11481 
814 1430 
16808 19812 
11537 12369 
2133 2490 
16008 483 
13689 4588 
22509 1426 
23474 9652 
10320 19116 
19107 228 
48672 17958 
244 33666 
528 5082 
2255 14454 
6640 24336 
22213 20746 
25056 23353 
5496 25239 
156 40020 
44688 540 
35670 1665 
51984 51336 
6786 11970 
22080 22372 
19503 41173 
18480 2840 
12638 22878 
13104 3971 
41349 4708 
5117 31374 
646 17941 
495 9266 
9452 19504 
9875 41952 
23316 15810 
6298 20925 
13260 6972 
30525 16683 
22932 22002 
29930 35717 
6804 3534 
4420 47672 
7392 5740 
3003 24156 
9090 19296 
28614 6720 
915 9213 
3588 3219 
26180 4284 
16005 45696 
980 10472 
1704 56580 
7260 8832 
22260 17061 
9628 11160 
26128 18576 
9071 25159 
28829 3072 
10950 9248 
39840 9706 
34587 1055 
22568 20280 
30100 26418 
19596 25080 
405 8022 
18304 9506 
16669 4389 
5292 6319 
32385 26078 
9434 6728 
19422 24544 
29036 13420 
29808 30129 
52320 20748 
3520 26307 
4625 6327 
576 18382 
918 36640 
10251 3680 
5593 11997 
1512 52392 
1881 7600 
30814 12305 
14448 17424 
19824 122 
11500 40261 
11484 1778 
19762 15209 
35343 5820 
26680 19500 
1104 13157 
44503 6750 
38556 38394 
13440 396 
580 48614 
4968 5535 
27280 3550 
17520 12220 
3410 10660 
31059 2412 
9048 5103 
3689 18034 
430 5168 
27520 1870 
9928 16968 
1518 29568 
45854 37558 
41256 1836 
15444 3348 
12876 8424 
6350 35854 
46640 954 
2782 16592 
9450 13440 
13926 3842 
7344 2304 
9176 14880 
41924 4350 
12600 30324 
15525 555 
8586 1272 
14784 14976 
23490 20294 
20172 500 
14268 915 
3825 5520 
10285 1386 
19701 17864 
21364 27346 
54142 13800 
3905 18369 
28371 19760 
8370 14136 
28782 10350 
33790 7290 
17171 14418 
6844 6205 
10972 32379 
455 1944 
9300 16120 
2040 35520 
34848 20008 
2900 6984 
5917 8083 
53352 294 
7524 13728 
630 15836 
10624 19740 
7750 1980 
34250 9512 
18067 10176 
13536 23184 
11591 16764 
17360 35223 
2198 10224 
14355 5828 
43802 2250 
11716 27208 
7755 17195 
2499 44352 
10800 8619 
16125 7378 
14076 10290 
6380 19380 
16731 5841 
2565 4176 
40734 9752 
12231 7548 
14615 18270 
15480 31605 
1287 8610 
27972 30174 
328 56628 
19716 21080 
17025 16275 
34380 27686 
9920 27797 
3066 47175 
16758 15180 
30450 18370 
18078 1520 
40365 26676 
18648 54900 
5459 40400 
10218 1666 
152 6264 
6102 1034 
22470 28215 
4876 2350 
22644 26550 
22230 18513 
8320 1188 
1088 6580 
12432 1590 
11725 29237 
27500 13764 
1950 12727 
3150 13632 
8633 45645 
38025 34946 
5220 43537 
12190 21762 
27477 22200 
22700 17630 
13915 45567 
13054 528 
14544 42670 
13585 5236 
7854 30375 
14136 1298 
940 12848 
21472 41764 
4851 50176 
9752 272 
2840 56334 
12954 12056 
2328 2196 
47752 16092 
39 29028 
6732 28840 
3247 12180 
152 6106 
42174 24720 
1016 15252 
4452 23940 
2862 19646 
3410 36972 
1161 675 
17762 3366 
1400 6014 
12264 1428 
4826 840 
28152 14421 
406 51906 
5136 660 
43878 3024 
9176 9225 
9849 12960 
7830 3195 
1400 9163 
444 3735 
56196 2172 
6844 37668 
6552 47280 
2160 35770 
20412 37524 
42846 18871 
4658 504 
2190 28782 
7038 6580 
17550 22310 
11280 8268 
22413 13130 
19968 29618 
8648 7735 
13845 6179 
134 6162 
14364 4092 
1265 2706 
17646 57 
6384 3538 
714 36432 
15300 21228 
36166 25662 
2793 3869 
27118 17253 
31512 10192 
30992 29700 
12834 8466 
60756 4984 
40454 3618 
24341 4446 
7622 37228 
33660 16986 
936 8322 
29725 31872 
33741 9243 
41055 19635 
5124 4779 
12027 50778 
9196 10250 
8109 7869 
8888 55671 
2550 22625 
0 1125 
51429 36666 
25604 1584 
16095 4433 
25347 26720 
0 4553 
4980 11826 
3872 8100 
22878 14399 
9590 4575 
27406 7980 
54208 1288 
7467 2310 
6244 36292 
47432 30530 
3638 58794 
1352 8471 
22152 15792 
31088 7434 
2864 36729 
11742 36340 
2432 19729 
20944 9570 
3102 7210 
10192 32743 
21093 16456 
9761 23691 
1040 28014 
17869 21920 
22448 4532 
5664 9462 
24396 16065 
11328 31125 
5600 3180 
41002 17640 
11900 1989 
9750 4669 
31416 4890 
18109 30360 
480 8540 
46648 56792 
2834 32578 
4590 31875 
16892 28320 
3472 18450 
28055 4563 
38420 3255 
19840 15680 
12670 41760 
4128 5184 
1520 217 
15522 38502 
5957 2325 
37518 5819 
3570 666 
2295 1280 
30774 43466 
14544 26325 
1377 13356 
35697 7104 
53568 2470 
2425 10710 
32472 28 
4386 26862 
32942 10385 
35700 5952 
14616 20806 
2184 7548 
18894 22419 
39609 42336 
49506 1860 
14726 1552 
30870 25021 
32088 28329 
6090 2418 
12985 41976 
20516 1044 
1120 39345 
12012 1008 
17767 7220 
8492 49504 
18144 35672 
21582 53124 
27300 5192 
32240 2074 
8584 6324 
2090 10430 
8364 15762 
621 17136 
3904 4420 
1644 17004 
4794 3060 
25641 6864 
25132 791 
37556 10368 
22983 29640 
15106 48822 
44312 172 
32400 33592 
31146 10080 
22977 3990 
33488 24743 
10017 18920 
19053 46060 
1605 16443 
29875 4988 
20020 3753 
19504 2160 
43834 7050 
13936 23000 
5363 12717 
31861 13872 
21414 27000 
3186 8232 
18333 3861 
1488 53340 
14715 19352 
19007 34697 
9202 5152 
27040 4860 
33663 25145 
14835 9048 
12760 34161 
2712 4223 
5358 9947 
8060 44280 
17252 24600 
24320 59455 
56610 6960 
2007 5796 
2800 10382 
8120 18375 
11650 9790 
60750 7080 
36348 6210 
0 3738 
3258 2268 
40222 24568 
29160 17931 
13923 17204 
53946 8568 
16629 4906 
21507 20140 
18480 6156 
43497 27724 
4888 22344 
5500 4770 
3300 14352 
13462 16368 
7050 8536 
44322 9680 
15800 6104 
5887 5850 
26565 17892 
19491 13706 
30636 34540 
3565 15745 
6335 46435 
29892 25960 
1815 17908 
11966 8200 
23463 10010 
23129 3968 
29520 924 
2924 16660 
17472 24047 
47085 5824 
44038 6240 
23622 22962 
10855 13038 
50172 6916 
10010 7820 
4590 16478 
17388 30228 
20701 22176 
24610 684 
32617 7334 
39560 21712 
17160 17052 
2106 0 
24252 11218 
36816 640 
15600 24732 
20241 11780 
42065 4488 
49200 50676 
39360 45150 
22304 690 
3936 28512 
41535 2540 
5635 18260 
4320 9984 
29028 110 
57057 10494 
2220 36023 
5678 8004 
336 35752 
856 28750 
1794 4524 
14287 7761 
20467 32007 
1680 2464 
17563 31372 
43848 25650 
32766 20008 
1062 47235 
5394 8477 
10140 24420 
34773 6494 
47294 784 
7458 36344 
448 8526 
16779 5562 
40913 28222 
7920 38160 
44732 6489 
40670 504 
24396 4590 
6902 3416 
3880 4300 
19500 34596 
15159 396 
18772 48517 
52122 17664 
19072 5440 
40170 21054 
590 41125 
16684 540 
1800 8073 
25830 30866 
465 28560 
4495 3515 
28130 20124 
12395 5522 
3036 1887 
23805 8925 
4063 2046 
1638 3492 
568 20706 
10710 10064 
9477 24743 
63754 15288 
15222 714 
7104 30745 
5225 1035 
30846 27482 
4628 630 
2667 14720 
56826 24182 
14378 12663 
0 7150 
2610 732 
38606 3255 
6931 10452 
12090 14195 
2829 15750 
17360 3234 
32400 13510 
10092 11925 
23874 10578 
22090 4494 
30810 29100 
25620 6370 
7742 6720 
7224 969 
5776 7099 
58674 1969 
9570 41548 
25125 32760 
10540 51750 
18328 2112 
18988 16830 
1782 21525 
480 8918 
12871 16926 
4144 3872 
13837 8463 
2820 12934 
1452 22230 
13090 5725 
31785 2041 
5310 5880 
8832 8330 
2321 64770 
7896 38465 
8418 19314 
20706 1195 
3657 123 
21696 5184 
700 19840 
29322 29367 
390 33135 
14596 16456 
12880 14700 
4445 5800 
28224 0 
31200 8415 
44655 26989 
22339 21400 
22792 31897 
28390 963 
29202 39688 
18576 23490 
6138 54288 
24492 39960 
63503 19008 
17711 20726 
15312 6630 
17955 2220 
11152 8208 
102 38646 
42300 39004 
23355 37060 
10092 1496 
12896 43008 
260 1500 
1520 5160 
6604 2508 
16200 1078 
8505 38080 
3186 4932 
2268 35668 
59670 12096 
22572 15925 
3430 20604 
3996 2948 
31666 2340 
177 9672 
1300 14110 
3950 470 
7248 8131 
3612 26754 
19980 33320 
36630 588 
42978 3652 
15834 20400 
24288 31360 
46782 8742 
17864 6188 
30888 33098 
8118 16128 
4462 15309 
16206 42330 
8424 7600 
1007 54216 
11972 8050 
3450 27170 
36051 9350 
25630 36260 
19220 35432 
28558 14964 
50621 22698 
37280 21186 
7958 18216 
3901 16224 
12934 17433 
4752 960 
38306 7326 
7425 10296 
4732 1740 
38142 37518 
7683 11826 
24948 8800 
4004 25917 
48972 364 
1464 6902 
7623 14880 
1370 304 
8120 2907 
39380 43432 
26624 484 
48450 0 
4012 52377 
466 35903 
48590 324 
765 32319 
43860 1015 
15860 3440 
18135 29930 
2646 26373 
54240 2610 
48884 25048 
21105 8750 
15554 31369 
1518 18564 
1272 29920 
19775 20570 
11685 14490 
11375 26800 
20056 22018 
3388 14847 
24888 24883 
6664 4214 
21032 21576 
9180 54050 
10682 26928 
14338 25250 
9620 8246 
804 9120 
4131 44954 
2739 2754 
3876 12690 
2673 6970 
952 23183 
16895 24396 
468 1683 
6574 948 
18334 1730 
18600 11227 
6600 29835 
42312 37191 
46964 8319 
7986 29256 
16005 90 
1690 472 
42840 26649 
12201 5934 
9860 51294 
3520 43930 
35400 6720 
4725 26316 
4488 19000 
11277 54864 
1032 1813 
5814 4660 
9879 10800 
26569 14756 
618 2457 
23517 300 
13688 16960 
525 41710 
7257 3008 
2368 1617 
4800 3344 
41612 13462 
15928 581 
600 52416 
4800 4477 
34068 19879 
34815 5643 
21240 34968 
22698 6232 
21538 63495 
7055 39964 
19680 21060 
9246 44521 
327 31330 
45562 6468 
720 3360 
1937 4482 
30916 602 
18492 15399 
413 192 
4290 19800 
8690 30879 
59000 17290 
9576 4853 
33462 8094 
11000 5341 
47311 5244 
21063 4332 
2945 14520 
18876 15301 
40120 3420 
3915 26535 
16104 32810 
9000 10340 
15824 3476 
19465 20025 
12006 2800 
5252 18745 
22644 15038 
405 45012 
12450 30528 
48165 40755 
4200 28400 
59202 11907 
4158 16562 
10626 45549 
17856 47960 
27572 15106 
3864 42282 
9250 12804 
3915 188 
1368 132 
19760 3010 
177 7392 
4550 26792 
15525 22515 
25116 12540 
31486 24752 
4240 6006 
10764 7616 
17480 14012 
24192 16280 
7440 53336 
17922 32000 
4380 7452 
10944 3526 
7866 6776 
12670 42780 
3315 5796 
21984 2720 
27004 13623 
8704 27161 
53846 23715 
27126 28188 
24477 21645 
35321 6512 
9310 26373 
9600 314 
14351 27267 
3471 1110 
37544 50 
11070 15379 
56925 34272 
6320 14007 
32868 3160 
500 4023 
20294 15410 
7020 13452 
16472 8466 
15744 884 
15120 32028 
0 1962 
18216 4900 
9752 8379 
22568 3388 
13195 13650 
20125 19422 
13208 19311 
5280 11580 
36450 2892 
33264 5112 
33896 13268 
2280 2156 
2871 29260 
6154 43688 
5945 31552 
4260 20227 
10836 33120 
46224 28906 
15372 1260 
13420 35350 
4473 282 
48829 11232 
564 19800 
20088 1940 
7700 12160 
648 6660 
5117 1976 
10769 41528 
1668 34390 
27004 3021 
41800 31616 
418 11218 
2261 21952 
56642 4807 
20020 1876 
132 21600 
10098 13896 
3210 23850 
33864 5740 
3080 27376 
6192 79 
1002 7254 
442 9867 
46065 15010 
1680 7296 
7840 25506 
35673 5805 
672 22496 
14637 18810 
648 25160 
18080 6776 
9384 756 
40890 12444 
13176 7920 
28350 6313 
23744 23500 
31020 7950 
1808 19877 
3906 8967 
13952 44064 
48410 20988 
38190 12480 
24000 8184 
23232 33495 
39390 11676 
18792 29614 
0 3072 
34250 23660 
806 36354 
10488 3710 
3260 3178 
15228 6039 
3376 2751 
40001 16848 
33234 12089 
13783 11644 
9494 9976 
26520 26441 
20706 15008 
12160 24510 
8748 8470 
26460 8307 
7760 4368 
11074 852 
3852 775 
39639 2109 
11700 207 
380 49486 
8300 3630 
12561 22594 
225 14472 
32800 25632 
20160 3120 
12320 44103 
8510 26412 
3680 20418 
1104 36848 
19106 38850 
323 3528 
24192 216 
8900 34686 
10430 13845 
16637 17901 
4418 2412 
3984 7896 
10845 15936 
22794 2576 
46250 25938 
680 24552 
10125 41810 
11792 6846 
18544 3900 
35090 2550 
24382 2460 
6345 34945 
18544 4288 
9996 8360 
20706 21147 
4280 19712 
780 27305 
15760 630 
510 8470 
16060 51759 
26691 3445 
2134 16929 
3384 4290 
4104 19460 
8580 1095 
58250 18700 
58140 38060 
60214 15378 
1170 18894 
7488 10304 
15792 17082 
25056 42864 
2748 10850 
27588 14820 
21894 10281 
35098 39680 
9009 1232 
228 18825 
29875 22575 
39879 46104 
34222 970 
14628 15914 
47722 15120 
25432 14790 
64 8775 
27722 8435 
13608 20700 
7729 15642 
9922 16965 
18908 57885 
4402 10395 
46893 27738 
5074 24871 
7830 26535 
21240 7140 
27552 17928 
23616 6419 
23478 3808 
19224 24849 
24549 2260 
9460 11544 
3852 9387 
32240 1265 
7161 25929 
23200 51296 
50388 22261 
13328 1220 
536 36023 
24752 11454 
22560 6800 
20188 25110 
24510 9630 
6510 19950 
372 0 
2985 21420 
243 21424 
26792 14784 
17460 7854 
13224 7632 
5510 34410 
7439 4140 
10335 37098 
1020 1128 
6946 5551 
28350 4410 
3304 678 
16348 604 
15743 1140 
20418 41743 
28380 400 
18816 9982 
14 40304 
53320 272 
27398 22657 
5616 9250 
15400 10710 
31824 4896 
13432 29106 
42834 12931 
42872 12705 
23542 16906 
5074 36366 
0 5148 
16400 14972 
45325 5341 
17630 4 
5600 20240 
1816 17661 
3924 9408 
20856 8260 
8736 35397 
31872 4536 
3828 2664 
2924 17264 
4087 11115 
30609 3094 
2132 4601 
3654 13530 
10400 41584 
8618 1932 
24090 6175 
20706 2448 
3400 2023 
2800 91 
17181 23532 
16116 15288 
40280 11997 
1380 24790 
3060 2944 
11100 33000 
6080 29785 
36108 2024 
2525 10098 
19656 6683 
18357 23790 
10086 39360 
40572 416 
6666 0 
15750 19380 
12524 50880 
61752 25 
1717 23661 
21012 2055 
30301 6192 
15136 2751 
7154 47092 
2142 14760 
1044 999 
9516 21016 
23278 726 
20160 236 
4984 20984 
16950 47250 
3920 18270 
16029 1917 
990 11682 
10360 1035 
6820 23826 
30294 38 
11235 4136 
4161 35422 
3840 31877 
39668 35668 
57348 1908 
17775 13908 
14688 39831 
25647 0 
3276 22892 
2139 6048 
32571 12540 
19588 15400 
7326 19866 
27467 7385 
70 24308 
4940 17632 
27048 992 
31369 5720 
11645 24570 
5773 20094 
20125 6534 
10682 26228 
26825 0 
31376 39445 
25047 125 
12425 3408 
25403 2232 
12707 14040 
0 11289 
7980 15352 
414 3388 
23280 5177 
25019 17820 
2464 38014 
54 3700 
1494 2996 
9198 20203 
19926 5456 
27056 4094 
6720 3348 
2508 24050 
598 4134 
6795 25803 
10350 5256 
10720 17935 
22776 32370 
14178 6105 
13039 54936 
22672 3375 
4163 48500 
6150 1760 
5022 13824 
27666 7191 
13320 15755 
154 11277 
5580 41040 
410 350 
44304 18096 
2666 6055 
3038 12688 
1606 13706 
32851 6533 
8742 21560 
1764 8470 
4266 0 
13144 46184 
1848 666 
18848 2166 
18614 6321 
9701 37338 
49648 35328 
24742 665 
18468 783 
6970 28182 
9455 3429 
23707 6356 
762 6666 
2211 32016 
10718 2520 
9052 11765 
18549 14632 
3968 13724 
27702 22050 
22152 11648 
8385 37338 
6012 21070 
23380 4875 
1780 13156 
10258 31098 
19404 35076 
31414 19620 
41666 13080 
8295 39032 
32214 10304 
2675 10437 
44103 4165 
21780 46284 
9796 8865 
1617 31683 
5456 7755 
20646 10472 
1288 2464 
31248 40545 
58776 19929 
10755 48755 
29651 322 
6579 8464 
24335 186 
7049 26265 
16472 13455 
3384 18870 
39445 32955 
15067 3525 
16272 21186 
10890 40812 
23956 34592 
19580 19684 
6956 132 
17407 24780 
21120 41392 
6003 12096 
6072 8274 
19158 31959 
35530 3627 
